# Oscilloscope Data

# Seconds	currentAverage	currentRawValue	currentValue	voltageValue	voltageAverage	voltageRawValue
1893.298	1.17549e-38	0	-0.0138944	19.182	1.17549e-38	0
1893.398	1.17549e-38	0	-0.0138944	19.182	1.17549e-38	0
1893.498	1.17549e-38	0	-0.0138944	19.182	1.17549e-38	0
1893.598	1.17549e-38	0	-0.0138944	19.182	1.17549e-38	0
1893.698	1.17549e-38	0	-0.0138944	19.182	1.17549e-38	0
1893.798	1.17549e-38	0	-0.0138944	19.182	1.17549e-38	0
1893.898	1.17549e-38	0	-0.0138944	19.182	1.17549e-38	0
1893.998	1.17549e-38	0	-0.0138944	19.182	1.17549e-38	0
1894.098	1.17549e-38	0	-0.0138944	19.182	1.17549e-38	0
1894.198	1.17549e-38	0	-0.0138944	19.182	1.17549e-38	0
1894.298	1.17549e-38	0	-0.0138944	19.182	1.17549e-38	0
1894.398	1.17549e-38	0	-0.0138944	19.182	1.17549e-38	0
1894.498	1.17549e-38	0	0.00812828	19.2436	1.17549e-38	0
1894.598	1.17549e-38	0	0.00812828	19.2436	1.17549e-38	0
1894.698	1.17549e-38	0	0.00812828	19.2436	1.17549e-38	0
1894.798	1.17549e-38	0	0.00812828	19.2436	1.17549e-38	0
1894.898	1.17549e-38	0	0.00812828	19.2436	1.17549e-38	0
1894.998	1.17549e-38	0	0.00812828	19.2436	1.17549e-38	0
1895.098	1.17549e-38	0	0.00812828	19.2436	1.17549e-38	0
1895.198	1.17549e-38	0	0.00812828	19.2436	1.17549e-38	0
1895.298	1.17549e-38	0	0.00812828	19.2436	1.17549e-38	0
1895.301	1.17549e-38	0	0.00812828	19.2436	1.17549e-38	0
1895.400	1.17549e-38	0	0.00812828	19.2436	1.17549e-38	0
1895.500	1.17549e-38	0	0.00812828	19.2436	1.17549e-38	0
1895.600	1.17549e-38	0	0.00812828	19.2436	1.17549e-38	0
1895.700	1.17549e-38	0	0.00812828	19.2436	1.17549e-38	0
1895.800	1.17549e-38	0	-0.00711817	18.8915	1.17549e-38	0
1895.900	1.17549e-38	0	-0.00711817	18.8915	1.17549e-38	0
1896.000	1.17549e-38	0	-0.00711817	18.8915	1.17549e-38	0
1896.100	1.17549e-38	0	-0.00711817	18.8915	1.17549e-38	0
1896.200	1.17549e-38	0	-0.00711817	18.8915	1.17549e-38	0
1896.300	1.17549e-38	0	-0.00711817	18.8915	1.17549e-38	0
1896.400	1.17549e-38	0	-0.00711817	18.8915	1.17549e-38	0
1896.500	1.17549e-38	0	-0.00711817	18.8915	1.17549e-38	0
1896.600	1.17549e-38	0	-0.00711817	18.8915	1.17549e-38	0
1896.700	1.17549e-38	0	-0.00711817	18.8915	1.17549e-38	0
1896.800	1.17549e-38	0	-0.00711817	18.8915	1.17549e-38	0
1896.900	1.17549e-38	0	-0.00711817	18.8915	1.17549e-38	0
1897.000	1.17549e-38	0	0.00304613	19.182	1.17549e-38	0
1897.100	1.17549e-38	0	0.00304613	19.182	1.17549e-38	0
1897.200	1.17549e-38	0	0.00304613	19.182	1.17549e-38	0
1897.299	1.17549e-38	0	0.00304613	19.182	1.17549e-38	0
1897.399	1.17549e-38	0	0.00304613	19.182	1.17549e-38	0
1897.499	1.17549e-38	0	0.00304613	19.182	1.17549e-38	0
1897.599	1.17549e-38	0	0.00304613	19.182	1.17549e-38	0
1897.699	1.17549e-38	0	0.00304613	19.182	1.17549e-38	0
1897.799	1.17549e-38	0	0.00304613	19.182	1.17549e-38	0
1897.899	1.17549e-38	0	0.00304613	19.182	1.17549e-38	0
1897.999	1.17549e-38	0	0.00304613	19.182	1.17549e-38	0
1898.099	1.17549e-38	0	0.00304613	19.182	1.17549e-38	0
1898.199	1.17549e-38	0	0.00304613	19.182	1.17549e-38	0
1898.299	1.17549e-38	0	0.00812828	19.0411	1.17549e-38	0
1898.399	1.17549e-38	0	0.00812828	19.0411	1.17549e-38	0
1898.499	1.17549e-38	0	0.00812828	19.0411	1.17549e-38	0
1898.599	1.17549e-38	0	0.00812828	19.0411	1.17549e-38	0
1898.699	1.17549e-38	0	0.00812828	19.0411	1.17549e-38	0
1898.799	1.17549e-38	0	0.00812828	19.0411	1.17549e-38	0
1898.899	1.17549e-38	0	0.00812828	19.0411	1.17549e-38	0
1898.999	1.17549e-38	0	0.00812828	19.0411	1.17549e-38	0
1899.099	1.17549e-38	0	0.00812828	19.0411	1.17549e-38	0
1899.199	1.17549e-38	0	0.00812828	19.0411	1.17549e-38	0
1899.299	1.17549e-38	0	0.00812828	19.0411	1.17549e-38	0
1899.302	1.17549e-38	0	0.00812828	19.0411	1.17549e-38	0
1899.401	1.17549e-38	0	0.00812828	19.0411	1.17549e-38	0
1899.501	1.17549e-38	0	0.00812828	19.0411	1.17549e-38	0
1899.601	1.17549e-38	0	0.0115164	19.1908	1.17549e-38	0
1899.701	1.17549e-38	0	0.0115164	19.1908	1.17549e-38	0
1899.801	1.17549e-38	0	0.0115164	19.1908	1.17549e-38	0
1899.901	1.17549e-38	0	0.0115164	19.1908	1.17549e-38	0
1900.001	1.17549e-38	0	0.0115164	19.1908	1.17549e-38	0
1900.101	1.17549e-38	0	0.0115164	19.1908	1.17549e-38	0
1900.201	1.17549e-38	0	0.0115164	19.1908	1.17549e-38	0
1900.301	1.17549e-38	0	0.0115164	19.1908	1.17549e-38	0
1900.401	1.17549e-38	0	0.0115164	19.1908	1.17549e-38	0
1900.501	1.17549e-38	0	0.0115164	19.1908	1.17549e-38	0
1900.601	1.17549e-38	0	0.0115164	19.1908	1.17549e-38	0
1900.701	1.17549e-38	0	0.0115164	19.1908	1.17549e-38	0
1900.801	1.17549e-38	0	0.00304613	19.226	1.17549e-38	0
1900.901	1.17549e-38	0	0.00304613	19.226	1.17549e-38	0
1901.001	1.17549e-38	0	0.00304613	19.226	1.17549e-38	0
1901.101	1.17549e-38	0	0.00304613	19.226	1.17549e-38	0
1901.201	1.17549e-38	0	0.00304613	19.226	1.17549e-38	0
1901.301	1.17549e-38	0	0.00304613	19.226	1.17549e-38	0
1901.304	1.17549e-38	0	0.00304613	19.226	1.17549e-38	0
1901.403	1.17549e-38	0	0.00304613	19.226	1.17549e-38	0
1901.503	1.17549e-38	0	0.00304613	19.226	1.17549e-38	0
1901.603	1.17549e-38	0	0.00304613	19.226	1.17549e-38	0
1901.703	1.17549e-38	0	0.00304613	19.226	1.17549e-38	0
1901.803	1.17549e-38	0	0.00304613	19.226	1.17549e-38	0
1901.903	1.17549e-38	0	0.00304613	19.226	1.17549e-38	0
1902.003	1.17549e-38	0	0.00304613	19.226	1.17549e-38	0
1902.103	1.17549e-38	0	0.00812828	19.182	1.17549e-38	0
1902.203	1.17549e-38	0	0.00812828	19.182	1.17549e-38	0
1902.303	1.17549e-38	0	0.00812828	19.182	1.17549e-38	0
1902.403	1.17549e-38	0	0.00812828	19.182	1.17549e-38	0
1902.503	1.17549e-38	0	0.00812828	19.182	1.17549e-38	0
1902.603	1.17549e-38	0	0.00812828	19.182	1.17549e-38	0
1902.703	1.17549e-38	0	0.00812828	19.182	1.17549e-38	0
1902.803	1.17549e-38	0	0.00812828	19.182	1.17549e-38	0
1902.903	1.17549e-38	0	0.00812828	19.182	1.17549e-38	0
1903.003	1.17549e-38	0	0.00812828	19.182	1.17549e-38	0
1903.103	1.17549e-38	0	0.00812828	19.182	1.17549e-38	0
1903.203	1.17549e-38	0	0.00812828	19.182	1.17549e-38	0
1903.303	1.17549e-38	0	0.00812828	19.0939	1.17549e-38	0
1903.306	1.17549e-38	0	0.00812828	19.0939	1.17549e-38	0
1903.406	1.17549e-38	0	0.00812828	19.0939	1.17549e-38	0
1903.506	1.17549e-38	0	0.00812828	19.0939	1.17549e-38	0
1903.606	1.17549e-38	0	0.00812828	19.0939	1.17549e-38	0
1903.706	1.17549e-38	0	0.00812828	19.0939	1.17549e-38	0
1903.806	1.17549e-38	0	0.00812828	19.0939	1.17549e-38	0
1903.906	1.17549e-38	0	0.00812828	19.0939	1.17549e-38	0
1904.006	1.17549e-38	0	0.00812828	19.0939	1.17549e-38	0
1904.106	1.17549e-38	0	0.00812828	19.0939	1.17549e-38	0
1904.206	1.17549e-38	0	0.00812828	19.0939	1.17549e-38	0
1904.306	1.17549e-38	0	0.00812828	19.0939	1.17549e-38	0
1904.406	1.17549e-38	0	0.00812828	19.0939	1.17549e-38	0
1904.506	1.17549e-38	0	0.00812828	19.0939	1.17549e-38	0
1904.606	1.17549e-38	0	-0.00542412	19.27	1.17549e-38	0
1904.706	1.17549e-38	0	-0.00542412	19.27	1.17549e-38	0
1904.806	1.17549e-38	0	-0.00542412	19.27	1.17549e-38	0
1904.906	1.17549e-38	0	-0.00542412	19.27	1.17549e-38	0
1905.006	1.17549e-38	0	-0.00542412	19.27	1.17549e-38	0
1905.106	1.17549e-38	0	-0.00542412	19.27	1.17549e-38	0
1905.206	1.17549e-38	0	-0.00542412	19.27	1.17549e-38	0
1905.306	1.17549e-38	0	-0.00542412	19.27	1.17549e-38	0
1905.309	1.17549e-38	0	-0.00542412	19.27	1.17549e-38	0
1905.409	1.17549e-38	0	-0.00542412	19.27	1.17549e-38	0
1905.509	1.17549e-38	0	-0.00542412	19.27	1.17549e-38	0
1905.609	1.17549e-38	0	-0.00542412	19.27	1.17549e-38	0
1905.709	1.17549e-38	0	-0.00542412	19.27	1.17549e-38	0
1905.809	1.17549e-38	0	-0.00881222	18.9971	1.17549e-38	0
1905.909	1.17549e-38	0	-0.00881222	18.9971	1.17549e-38	0
1906.009	1.17549e-38	0	-0.00881222	18.9971	1.17549e-38	0
1906.109	1.17549e-38	0	-0.00881222	18.9971	1.17549e-38	0
1906.209	1.17549e-38	0	-0.00881222	18.9971	1.17549e-38	0
1906.309	1.17549e-38	0	-0.00881222	18.9971	1.17549e-38	0
1906.409	1.17549e-38	0	-0.00881222	18.9971	1.17549e-38	0
1906.509	1.17549e-38	0	-0.00881222	18.9971	1.17549e-38	0
1906.609	1.17549e-38	0	-0.00881222	18.9971	1.17549e-38	0
1906.709	1.17549e-38	0	-0.00881222	18.9971	1.17549e-38	0
1906.809	1.17549e-38	0	-0.00881222	18.9971	1.17549e-38	0
1906.909	1.17549e-38	0	-0.00881222	18.9971	1.17549e-38	0
1907.009	1.17549e-38	0	-0.00881222	18.9971	1.17549e-38	0
1907.109	1.17549e-38	0	0.0165985	19.1644	1.17549e-38	0
1907.209	1.17549e-38	0	0.0165985	19.1644	1.17549e-38	0
1907.309	1.17549e-38	0	0.0165985	19.1644	1.17549e-38	0
1907.312	1.17549e-38	0	0.0165985	19.1644	1.17549e-38	0
1907.411	1.17549e-38	0	0.0165985	19.1644	1.17549e-38	0
1907.511	1.17549e-38	0	0.0165985	19.1644	1.17549e-38	0
1907.611	1.17549e-38	0	0.0165985	19.1644	1.17549e-38	0
1907.711	1.17549e-38	0	0.0165985	19.1644	1.17549e-38	0
1907.811	1.17549e-38	0	0.0165985	19.1644	1.17549e-38	0
1907.911	1.17549e-38	0	0.0165985	19.1644	1.17549e-38	0
1908.011	1.17549e-38	0	0.0165985	19.1644	1.17549e-38	0
1908.111	1.17549e-38	0	0.0165985	19.1644	1.17549e-38	0
1908.211	1.17549e-38	0	0.0165985	19.1644	1.17549e-38	0
1908.311	1.17549e-38	0	-0.0138944	19.226	1.17549e-38	0
1908.411	1.17549e-38	0	-0.0138944	19.226	1.17549e-38	0
1908.511	1.17549e-38	0	-0.0138944	19.226	1.17549e-38	0
1908.611	1.17549e-38	0	-0.0138944	19.226	1.17549e-38	0
1908.711	1.17549e-38	0	-0.0138944	19.226	1.17549e-38	0
1908.811	1.17549e-38	0	-0.0138944	19.226	1.17549e-38	0
1908.911	1.17549e-38	0	-0.0138944	19.226	1.17549e-38	0
1909.011	1.17549e-38	0	-0.0138944	19.226	1.17549e-38	0
1909.111	1.17549e-38	0	-0.0138944	19.226	1.17549e-38	0
1909.211	1.17549e-38	0	-0.0138944	19.226	1.17549e-38	0
1909.310	1.17549e-38	0	-0.0138944	19.226	1.17549e-38	0
1909.410	1.17549e-38	0	-0.0138944	19.226	1.17549e-38	0
1909.510	1.17549e-38	0	-0.0138944	19.226	1.17549e-38	0
1909.610	1.17549e-38	0	0.00135208	19.226	1.17549e-38	0
1909.710	1.17549e-38	0	0.00135208	19.226	1.17549e-38	0
1909.810	1.17549e-38	0	0.00135208	19.226	1.17549e-38	0
1909.910	1.17549e-38	0	0.00135208	19.226	1.17549e-38	0
1910.010	1.17549e-38	0	0.00135208	19.226	1.17549e-38	0
1910.110	1.17549e-38	0	0.00135208	19.226	1.17549e-38	0
1910.210	1.17549e-38	0	0.00135208	19.226	1.17549e-38	0
1910.310	1.17549e-38	0	0.00135208	19.226	1.17549e-38	0
1910.410	1.17549e-38	0	0.00135208	19.226	1.17549e-38	0
1910.510	1.17549e-38	0	0.00135208	19.226	1.17549e-38	0
1910.610	1.17549e-38	0	0.00135208	19.226	1.17549e-38	0
1910.710	1.17549e-38	0	0.00135208	19.226	1.17549e-38	0
1910.810	1.17549e-38	0	-0.0105063	19.0851	1.17549e-38	0
1910.910	1.17549e-38	0	-0.0105063	19.0851	1.17549e-38	0
1911.010	1.17549e-38	0	-0.0105063	19.0851	1.17549e-38	0
1911.110	1.17549e-38	0	-0.0105063	19.0851	1.17549e-38	0
1911.210	1.17549e-38	0	-0.0105063	19.0851	1.17549e-38	0
1911.310	1.17549e-38	0	-0.0105063	19.0851	1.17549e-38	0
1911.313	1.17549e-38	0	-0.0105063	19.0851	1.17549e-38	0
1911.412	1.17549e-38	0	-0.0105063	19.0851	1.17549e-38	0
1911.512	1.17549e-38	0	-0.0105063	19.0851	1.17549e-38	0
1911.612	1.17549e-38	0	-0.0105063	19.0851	1.17549e-38	0
1911.712	1.17549e-38	0	-0.0105063	19.0851	1.17549e-38	0
1911.812	1.17549e-38	0	-0.0105063	19.0851	1.17549e-38	0
1911.912	1.17549e-38	0	-0.0105063	19.0851	1.17549e-38	0
1912.012	1.17549e-38	0	-0.0105063	19.0851	1.17549e-38	0
1912.112	1.17549e-38	0	-0.00373007	19.27	1.17549e-38	0
1912.212	1.17549e-38	0	-0.00373007	19.27	1.17549e-38	0
1912.312	1.17549e-38	0	-0.00373007	19.27	1.17549e-38	0
1912.412	1.17549e-38	0	-0.00373007	19.27	1.17549e-38	0
1912.512	1.17549e-38	0	-0.00373007	19.27	1.17549e-38	0
1912.612	1.17549e-38	0	-0.00373007	19.27	1.17549e-38	0
1912.712	1.17549e-38	0	-0.00373007	19.27	1.17549e-38	0
1912.812	1.17549e-38	0	-0.00373007	19.27	1.17549e-38	0
1912.912	1.17549e-38	0	-0.00373007	19.27	1.17549e-38	0
1913.012	1.17549e-38	0	-0.00373007	19.27	1.17549e-38	0
1913.112	1.17549e-38	0	-0.00373007	19.27	1.17549e-38	0
1913.212	1.17549e-38	0	-0.00373007	19.27	1.17549e-38	0
1913.312	1.17549e-38	0	0.00135208	18.9443	1.17549e-38	0
1913.315	1.17549e-38	0	0.00135208	18.9443	1.17549e-38	0
1913.414	1.17549e-38	0	0.00135208	18.9443	1.17549e-38	0
1913.514	1.17549e-38	0	0.00135208	18.9443	1.17549e-38	0
1913.614	1.17549e-38	0	0.00135208	18.9443	1.17549e-38	0
1913.714	1.17549e-38	0	0.00135208	18.9443	1.17549e-38	0
1913.814	1.17549e-38	0	0.00135208	18.9443	1.17549e-38	0
1913.914	1.17549e-38	0	0.00135208	18.9443	1.17549e-38	0
1914.014	1.17549e-38	0	0.00135208	18.9443	1.17549e-38	0
1914.114	1.17549e-38	0	0.00135208	18.9443	1.17549e-38	0
1914.214	1.17549e-38	0	0.00135208	18.9443	1.17549e-38	0
1914.314	1.17549e-38	0	0.00135208	18.9443	1.17549e-38	0
1914.414	1.17549e-38	0	0.00135208	18.9443	1.17549e-38	0
1914.514	1.17549e-38	0	0.00135208	18.9443	1.17549e-38	0
1914.614	1.17549e-38	0	-0.0138944	18.9531	1.17549e-38	0
1914.714	1.17549e-38	0	-0.0138944	18.9531	1.17549e-38	0
1914.814	1.17549e-38	0	-0.0138944	18.9531	1.17549e-38	0
1914.914	1.17549e-38	0	-0.0138944	18.9531	1.17549e-38	0
1915.014	1.17549e-38	0	-0.0138944	18.9531	1.17549e-38	0
1915.114	1.17549e-38	0	-0.0138944	18.9531	1.17549e-38	0
1915.214	1.17549e-38	0	-0.0138944	18.9531	1.17549e-38	0
1915.314	1.17549e-38	0	-0.0138944	18.9531	1.17549e-38	0
1915.317	1.17549e-38	0	-0.0138944	18.9531	1.17549e-38	0
1915.416	1.17549e-38	0	-0.0138944	18.9531	1.17549e-38	0
1915.516	1.17549e-38	0	-0.0138944	18.9531	1.17549e-38	0
1915.616	1.17549e-38	0	-0.0138944	18.9531	1.17549e-38	0
1915.716	1.17549e-38	0	-0.0138944	18.9531	1.17549e-38	0
1915.816	1.17549e-38	0	0.0165985	19.27	1.17549e-38	0
1915.916	1.17549e-38	0	0.0165985	19.27	1.17549e-38	0
1916.016	1.17549e-38	0	0.0165985	19.27	1.17549e-38	0
1916.116	1.17549e-38	0	0.0165985	19.27	1.17549e-38	0
1916.216	1.17549e-38	0	0.0165985	19.27	1.17549e-38	0
1916.316	1.17549e-38	0	0.0165985	19.27	1.17549e-38	0
1916.416	1.17549e-38	0	0.0165985	19.27	1.17549e-38	0
1916.516	1.17549e-38	0	0.0165985	19.27	1.17549e-38	0
1916.616	1.17549e-38	0	0.0165985	19.27	1.17549e-38	0
1916.716	1.17549e-38	0	0.0165985	19.27	1.17549e-38	0
1916.816	1.17549e-38	0	0.0165985	19.27	1.17549e-38	0
1916.916	1.17549e-38	0	0.0165985	19.27	1.17549e-38	0
1917.016	1.17549e-38	0	0.0165985	19.27	1.17549e-38	0
1917.116	1.17549e-38	0	-0.0138944	19.1115	1.17549e-38	0
1917.216	1.17549e-38	0	-0.0138944	19.1115	1.17549e-38	0
1917.316	1.17549e-38	0	-0.0138944	19.1115	1.17549e-38	0
1917.319	1.17549e-38	0	-0.0138944	19.1115	1.17549e-38	0
1917.418	1.17549e-38	0	-0.0138944	19.1115	1.17549e-38	0
1917.518	1.17549e-38	0	-0.0138944	19.1115	1.17549e-38	0
1917.618	1.17549e-38	0	-0.0138944	19.1115	1.17549e-38	0
1917.718	1.17549e-38	0	-0.0138944	19.1115	1.17549e-38	0
1917.818	1.17549e-38	0	-0.0138944	19.1115	1.17549e-38	0
1917.918	1.17549e-38	0	-0.0138944	19.1115	1.17549e-38	0
1918.018	1.17549e-38	0	-0.0138944	19.1115	1.17549e-38	0
1918.118	1.17549e-38	0	-0.0138944	19.1115	1.17549e-38	0
1918.218	1.17549e-38	0	-0.0138944	19.1115	1.17549e-38	0
1918.318	1.17549e-38	0	-0.0138944	19.1115	1.17549e-38	0
1918.418	1.17549e-38	0	0.0165985	19.1468	1.17549e-38	0
1918.518	1.17549e-38	0	0.0165985	19.1468	1.17549e-38	0
1918.618	1.17549e-38	0	0.0165985	19.1468	1.17549e-38	0
1918.718	1.17549e-38	0	0.0165985	19.1468	1.17549e-38	0
1918.818	1.17549e-38	0	0.0165985	19.1468	1.17549e-38	0
1918.918	1.17549e-38	0	0.0165985	19.1468	1.17549e-38	0
1919.018	1.17549e-38	0	0.0165985	19.1468	1.17549e-38	0
1919.118	1.17549e-38	0	0.0165985	19.1468	1.17549e-38	0
1919.218	1.17549e-38	0	0.0165985	19.1468	1.17549e-38	0
1919.318	1.17549e-38	0	0.0165985	19.1468	1.17549e-38	0
1919.321	1.17549e-38	0	0.0165985	19.1468	1.17549e-38	0
1919.420	1.17549e-38	0	0.0165985	19.1468	1.17549e-38	0
1919.520	1.17549e-38	0	0.0165985	19.1468	1.17549e-38	0
1919.620	1.17549e-38	0	0.0115164	19.2436	1.17549e-38	0
1919.720	1.17549e-38	0	0.0115164	19.2436	1.17549e-38	0
1919.820	1.17549e-38	0	0.0115164	19.2436	1.17549e-38	0
1919.920	1.17549e-38	0	0.0115164	19.2436	1.17549e-38	0
1920.020	1.17549e-38	0	0.0115164	19.2436	1.17549e-38	0
1920.120	1.17549e-38	0	0.0115164	19.2436	1.17549e-38	0
1920.220	1.17549e-38	0	0.0115164	19.2436	1.17549e-38	0
1920.320	1.17549e-38	0	0.0115164	19.2436	1.17549e-38	0
1920.420	1.17549e-38	0	0.0115164	19.2436	1.17549e-38	0
1920.520	1.17549e-38	0	0.0115164	19.2436	1.17549e-38	0
1920.620	1.17549e-38	0	0.0115164	19.2436	1.17549e-38	0
1920.720	1.17549e-38	0	0.0115164	19.2436	1.17549e-38	0
1920.820	1.17549e-38	0	0.0115164	19.2436	1.17549e-38	0
1920.920	1.17549e-38	0	0.0352331	19.0587	1.17549e-38	0
1921.020	1.17549e-38	0	0.0352331	19.0587	1.17549e-38	0
1921.120	1.17549e-38	0	0.0352331	19.0587	1.17549e-38	0
1921.220	1.17549e-38	0	0.0352331	19.0587	1.17549e-38	0
1921.320	1.17549e-38	0	0.0352331	19.0587	1.17549e-38	0
1921.323	1.17549e-38	0	0.0352331	19.0587	1.17549e-38	0
1921.422	1.17549e-38	0	0.0352331	19.0587	1.17549e-38	0
1921.522	1.17549e-38	0	0.0352331	19.0587	1.17549e-38	0
1921.622	1.17549e-38	0	0.0352331	19.0587	1.17549e-38	0
1921.722	1.17549e-38	0	0.0352331	19.0587	1.17549e-38	0
1921.822	1.17549e-38	0	0.0352331	19.0587	1.17549e-38	0
1921.922	1.17549e-38	0	0.0352331	19.0587	1.17549e-38	0
1922.022	1.17549e-38	0	0.0352331	19.0587	1.17549e-38	0
1922.122	1.17549e-38	0	0.00474018	19.1908	1.17549e-38	0
1922.222	1.17549e-38	0	0.00474018	19.1908	1.17549e-38	0
1922.322	1.17549e-38	0	0.00474018	19.1908	1.17549e-38	0
1922.422	1.17549e-38	0	0.00474018	19.1908	1.17549e-38	0
1922.522	1.17549e-38	0	0.00474018	19.1908	1.17549e-38	0
1922.622	1.17549e-38	0	0.00474018	19.1908	1.17549e-38	0
1922.722	1.17549e-38	0	0.00474018	19.1908	1.17549e-38	0
1922.822	1.17549e-38	0	0.00474018	19.1908	1.17549e-38	0
1922.922	1.17549e-38	0	0.00474018	19.1908	1.17549e-38	0
1923.022	1.17549e-38	0	0.00474018	19.1908	1.17549e-38	0
1923.122	1.17549e-38	0	0.00474018	19.1908	1.17549e-38	0
1923.222	1.17549e-38	0	0.00474018	19.1908	1.17549e-38	0
1923.322	1.17549e-38	0	0.00474018	19.1908	1.17549e-38	0
1923.325	1.17549e-38	0	0.00474018	19.1908	1.17549e-38	0
1923.424	1.17549e-38	0	-0.0105063	19.2436	1.17549e-38	0
1923.524	1.17549e-38	0	-0.0105063	19.2436	1.17549e-38	0
1923.624	1.17549e-38	0	-0.0105063	19.2436	1.17549e-38	0
1923.724	1.17549e-38	0	-0.0105063	19.2436	1.17549e-38	0
1923.824	1.17549e-38	0	-0.0105063	19.2436	1.17549e-38	0
1923.924	1.17549e-38	0	-0.0105063	19.2436	1.17549e-38	0
1924.024	1.17549e-38	0	-0.0105063	19.2436	1.17549e-38	0
1924.124	1.17549e-38	0	-0.0105063	19.2436	1.17549e-38	0
1924.224	1.17549e-38	0	-0.0105063	19.2436	1.17549e-38	0
1924.324	1.17549e-38	0	-0.0105063	19.2436	1.17549e-38	0
1924.424	1.17549e-38	0	-0.0105063	19.2436	1.17549e-38	0
1924.524	1.17549e-38	0	-0.0105063	19.2436	1.17549e-38	0
1924.624	1.17549e-38	0	-0.00034197	19.27	1.17549e-38	0
1924.724	1.17549e-38	0	-0.00034197	19.27	1.17549e-38	0
1924.824	1.17549e-38	0	-0.00034197	19.27	1.17549e-38	0
1924.924	1.17549e-38	0	-0.00034197	19.27	1.17549e-38	0
1925.024	1.17549e-38	0	-0.00034197	19.27	1.17549e-38	0
1925.124	1.17549e-38	0	-0.00034197	19.27	1.17549e-38	0
1925.224	1.17549e-38	0	-0.00034197	19.27	1.17549e-38	0
1925.324	1.17549e-38	0	-0.00034197	19.27	1.17549e-38	0
1925.327	1.17549e-38	0	-0.00034197	19.27	1.17549e-38	0
1925.426	1.17549e-38	0	-0.00034197	19.27	1.17549e-38	0
1925.526	1.17549e-38	0	-0.00034197	19.27	1.17549e-38	0
1925.626	1.17549e-38	0	-0.00034197	19.27	1.17549e-38	0
1925.726	1.17549e-38	0	-0.00034197	19.27	1.17549e-38	0
1925.826	1.17549e-38	0	-0.00034197	19.27	1.17549e-38	0
1925.926	1.17549e-38	0	-0.0138944	19.0235	1.17549e-38	0
1926.026	1.17549e-38	0	-0.0138944	19.0235	1.17549e-38	0
1926.126	1.17549e-38	0	-0.0138944	19.0235	1.17549e-38	0
1926.226	1.17549e-38	0	-0.0138944	19.0235	1.17549e-38	0
1926.326	1.17549e-38	0	-0.0138944	19.0235	1.17549e-38	0
1926.426	1.17549e-38	0	-0.0138944	19.0235	1.17549e-38	0
1926.526	1.17549e-38	0	-0.0138944	19.0235	1.17549e-38	0
1926.626	1.17549e-38	0	-0.0138944	19.0235	1.17549e-38	0
1926.726	1.17549e-38	0	-0.0138944	19.0235	1.17549e-38	0
1926.826	1.17549e-38	0	-0.0138944	19.0235	1.17549e-38	0
1926.926	1.17549e-38	0	-0.0138944	19.0235	1.17549e-38	0
1927.026	1.17549e-38	0	-0.0138944	19.0235	1.17549e-38	0
1927.126	1.17549e-38	0	0.0132104	19.0763	1.17549e-38	0
1927.226	1.17549e-38	0	0.0132104	19.0763	1.17549e-38	0
1927.326	1.17549e-38	0	0.0132104	19.0763	1.17549e-38	0
1927.329	1.17549e-38	0	0.0132104	19.0763	1.17549e-38	0
1927.428	1.17549e-38	0	0.0132104	19.0763	1.17549e-38	0
1927.528	1.17549e-38	0	0.0132104	19.0763	1.17549e-38	0
1927.628	1.17549e-38	0	0.0132104	19.0763	1.17549e-38	0
1927.728	1.17549e-38	0	0.0132104	19.0763	1.17549e-38	0
1927.828	1.17549e-38	0	0.0132104	19.0763	1.17549e-38	0
1927.928	1.17549e-38	0	0.0132104	19.0763	1.17549e-38	0
1928.028	1.17549e-38	0	0.0132104	19.0763	1.17549e-38	0
1928.128	1.17549e-38	0	0.0132104	19.0763	1.17549e-38	0
1928.228	1.17549e-38	0	0.0132104	19.0763	1.17549e-38	0
1928.328	1.17549e-38	0	0.0132104	19.0763	1.17549e-38	0
1928.428	1.17549e-38	0	-0.0138944	19.182	1.17549e-38	0
1928.528	1.17549e-38	0	-0.0138944	19.182	1.17549e-38	0
1928.628	1.17549e-38	0	-0.0138944	19.182	1.17549e-38	0
1928.728	1.17549e-38	0	-0.0138944	19.182	1.17549e-38	0
1928.828	1.17549e-38	0	-0.0138944	19.182	1.17549e-38	0
1928.928	1.17549e-38	0	-0.0138944	19.182	1.17549e-38	0
1929.028	1.17549e-38	0	-0.0138944	19.182	1.17549e-38	0
1929.128	1.17549e-38	0	-0.0138944	19.182	1.17549e-38	0
1929.228	1.17549e-38	0	-0.0138944	19.182	1.17549e-38	0
1929.328	1.17549e-38	0	-0.0138944	19.182	1.17549e-38	0
1929.331	1.17549e-38	0	-0.0138944	19.182	1.17549e-38	0
1929.430	1.17549e-38	0	-0.0138944	19.182	1.17549e-38	0
1929.530	1.17549e-38	0	-0.0138944	19.182	1.17549e-38	0
1929.630	1.17549e-38	0	-0.00711817	19.182	1.17549e-38	0
1929.730	1.17549e-38	0	-0.00711817	19.182	1.17549e-38	0
1929.830	1.17549e-38	0	-0.00711817	19.182	1.17549e-38	0
1929.930	1.17549e-38	0	-0.00711817	19.182	1.17549e-38	0
1930.030	1.17549e-38	0	-0.00711817	19.182	1.17549e-38	0
1930.130	1.17549e-38	0	-0.00711817	19.182	1.17549e-38	0
1930.230	1.17549e-38	0	-0.00711817	19.182	1.17549e-38	0
1930.330	1.17549e-38	0	-0.00711817	19.182	1.17549e-38	0
1930.430	1.17549e-38	0	-0.00711817	19.182	1.17549e-38	0
1930.530	1.17549e-38	0	-0.00711817	19.182	1.17549e-38	0
1930.630	1.17549e-38	0	-0.00711817	19.182	1.17549e-38	0
1930.730	1.17549e-38	0	-0.00711817	19.182	1.17549e-38	0
1930.830	1.17549e-38	0	-0.00711817	19.182	1.17549e-38	0
1930.930	1.17549e-38	0	0.00135208	18.9795	1.17549e-38	0
1931.030	1.17549e-38	0	0.00135208	18.9795	1.17549e-38	0
1931.130	1.17549e-38	0	0.00135208	18.9795	1.17549e-38	0
1931.230	1.17549e-38	0	0.00135208	18.9795	1.17549e-38	0
1931.330	1.17549e-38	0	0.00135208	18.9795	1.17549e-38	0
1931.333	1.17549e-38	0	0.00135208	18.9795	1.17549e-38	0
1931.432	1.17549e-38	0	0.00135208	18.9795	1.17549e-38	0
1931.532	1.17549e-38	0	0.00135208	18.9795	1.17549e-38	0
1931.632	1.17549e-38	0	0.00135208	18.9795	1.17549e-38	0
1931.732	1.17549e-38	0	0.00135208	18.9795	1.17549e-38	0
1931.832	1.17549e-38	0	0.00135208	18.9795	1.17549e-38	0
1931.932	1.17549e-38	0	0.00135208	18.9795	1.17549e-38	0
1932.032	1.17549e-38	0	0.00135208	18.9795	1.17549e-38	0
1932.132	1.17549e-38	0	-0.00373007	19.3052	1.17549e-38	0
1932.232	1.17549e-38	0	-0.00373007	19.3052	1.17549e-38	0
1932.332	1.17549e-38	0	-0.00373007	19.3052	1.17549e-38	0
1932.432	1.17549e-38	0	-0.00373007	19.3052	1.17549e-38	0
1932.532	1.17549e-38	0	-0.00373007	19.3052	1.17549e-38	0
1932.632	1.17549e-38	0	-0.00373007	19.3052	1.17549e-38	0
1932.732	1.17549e-38	0	-0.00373007	19.3052	1.17549e-38	0
1932.832	1.17549e-38	0	-0.00373007	19.3052	1.17549e-38	0
1932.932	1.17549e-38	0	-0.00373007	19.3052	1.17549e-38	0
1933.032	1.17549e-38	0	-0.00373007	19.3052	1.17549e-38	0
1933.132	1.17549e-38	0	-0.00373007	19.3052	1.17549e-38	0
1933.232	1.17549e-38	0	-0.00373007	19.3052	1.17549e-38	0
1933.332	1.17549e-38	0	-0.00373007	19.3052	1.17549e-38	0
1933.335	1.17549e-38	0	-0.00373007	19.3052	1.17549e-38	0
1933.434	1.17549e-38	0	-0.0138944	19.1292	1.17549e-38	0
1933.534	1.17549e-38	0	-0.0138944	19.1292	1.17549e-38	0
1933.634	1.17549e-38	0	-0.0138944	19.1292	1.17549e-38	0
1933.734	1.17549e-38	0	-0.0138944	19.1292	1.17549e-38	0
1933.834	1.17549e-38	0	-0.0138944	19.1292	1.17549e-38	0
1933.934	1.17549e-38	0	-0.0138944	19.1292	1.17549e-38	0
1934.034	1.17549e-38	0	-0.0138944	19.1292	1.17549e-38	0
1934.134	1.17549e-38	0	-0.0138944	19.1292	1.17549e-38	0
1934.234	1.17549e-38	0	-0.0138944	19.1292	1.17549e-38	0
1934.334	1.17549e-38	0	-0.0138944	19.1292	1.17549e-38	0
1934.434	1.17549e-38	0	-0.0138944	19.1292	1.17549e-38	0
1934.534	1.17549e-38	0	-0.0138944	19.1292	1.17549e-38	0
1934.634	1.17549e-38	0	0.00135208	19.138	1.17549e-38	0
1934.734	1.17549e-38	0	0.00135208	19.138	1.17549e-38	0
1934.834	1.17549e-38	0	0.00135208	19.138	1.17549e-38	0
1934.934	1.17549e-38	0	0.00135208	19.138	1.17549e-38	0
1935.034	1.17549e-38	0	0.00135208	19.138	1.17549e-38	0
1935.134	1.17549e-38	0	0.00135208	19.138	1.17549e-38	0
1935.234	1.17549e-38	0	0.00135208	19.138	1.17549e-38	0
1935.334	1.17549e-38	0	0.00135208	19.138	1.17549e-38	0
1935.337	1.17549e-38	0	0.00135208	19.138	1.17549e-38	0
1935.436	1.17549e-38	0	0.00135208	19.138	1.17549e-38	0
1935.536	1.17549e-38	0	0.00135208	19.138	1.17549e-38	0
1935.636	1.17549e-38	0	0.00135208	19.138	1.17549e-38	0
1935.736	1.17549e-38	0	0.00135208	19.138	1.17549e-38	0
1935.836	1.17549e-38	0	0.00135208	19.138	1.17549e-38	0
1935.936	1.17549e-38	0	-0.00542412	19.1027	1.17549e-38	0
1936.036	1.17549e-38	0	-0.00542412	19.1027	1.17549e-38	0
1936.136	1.17549e-38	0	-0.00542412	19.1027	1.17549e-38	0
1936.236	1.17549e-38	0	-0.00542412	19.1027	1.17549e-38	0
1936.336	1.17549e-38	0	-0.00542412	19.1027	1.17549e-38	0
1936.436	1.17549e-38	0	-0.00542412	19.1027	1.17549e-38	0
1936.536	1.17549e-38	0	-0.00542412	19.1027	1.17549e-38	0
1936.636	1.17549e-38	0	-0.00542412	19.1027	1.17549e-38	0
1936.736	1.17549e-38	0	-0.00542412	19.1027	1.17549e-38	0
1936.836	1.17549e-38	0	-0.00542412	19.1027	1.17549e-38	0
1936.936	1.17549e-38	0	-0.00542412	19.1027	1.17549e-38	0
1937.036	1.17549e-38	0	-0.00542412	19.1027	1.17549e-38	0
1937.136	1.17549e-38	0	-0.00542412	19.1027	1.17549e-38	0
1937.236	1.17549e-38	0	0.0386212	18.7154	1.17549e-38	0
1937.336	1.17549e-38	0	0.0386212	18.7154	1.17549e-38	0
1937.339	1.17549e-38	0	0.0386212	18.7154	1.17549e-38	0
1937.438	1.17549e-38	0	0.0386212	18.7154	1.17549e-38	0
1937.538	1.17549e-38	0	0.0386212	18.7154	1.17549e-38	0
1937.638	1.17549e-38	0	0.0386212	18.7154	1.17549e-38	0
1937.738	1.17549e-38	0	0.0386212	18.7154	1.17549e-38	0
1937.838	1.17549e-38	0	0.0386212	18.7154	1.17549e-38	0
1937.938	1.17549e-38	0	0.0386212	18.7154	1.17549e-38	0
1938.038	1.17549e-38	0	0.0386212	18.7154	1.17549e-38	0
1938.138	1.17549e-38	0	0.0386212	18.7154	1.17549e-38	0
1938.238	1.17549e-38	0	0.0386212	18.7154	1.17549e-38	0
1938.338	1.17549e-38	0	0.0386212	18.7154	1.17549e-38	0
1938.438	1.17549e-38	0	0.00135208	19.1027	1.17549e-38	0
1938.538	1.17549e-38	0	0.00135208	19.1027	1.17549e-38	0
1938.638	1.17549e-38	0	0.00135208	19.1027	1.17549e-38	0
1938.738	1.17549e-38	0	0.00135208	19.1027	1.17549e-38	0
1938.838	1.17549e-38	0	0.00135208	19.1027	1.17549e-38	0
1938.938	1.17549e-38	0	0.00135208	19.1027	1.17549e-38	0
1939.038	1.17549e-38	0	0.00135208	19.1027	1.17549e-38	0
1939.138	1.17549e-38	0	0.00135208	19.1027	1.17549e-38	0
1939.238	1.17549e-38	0	0.00135208	19.1027	1.17549e-38	0
1939.338	1.17549e-38	0	0.00135208	19.1027	1.17549e-38	0
1939.341	1.17549e-38	0	0.00135208	19.1027	1.17549e-38	0
1939.440	1.17549e-38	0	0.00135208	19.1027	1.17549e-38	0
1939.540	1.17549e-38	0	0.00135208	19.1027	1.17549e-38	0
1939.640	1.17549e-38	0	0.00135208	19.1027	1.17549e-38	0
1939.740	1.17549e-38	0	-0.0105063	19.1203	1.17549e-38	0
1939.840	1.17549e-38	0	-0.0105063	19.1203	1.17549e-38	0
1939.940	1.17549e-38	0	-0.0105063	19.1203	1.17549e-38	0
1940.040	1.17549e-38	0	-0.0105063	19.1203	1.17549e-38	0
1940.140	1.17549e-38	0	-0.0105063	19.1203	1.17549e-38	0
1940.240	1.17549e-38	0	-0.0105063	19.1203	1.17549e-38	0
1940.340	1.17549e-38	0	-0.0105063	19.1203	1.17549e-38	0
1940.440	1.17549e-38	0	-0.0105063	19.1203	1.17549e-38	0
1940.540	1.17549e-38	0	-0.0105063	19.1203	1.17549e-38	0
1940.640	1.17549e-38	0	-0.0105063	19.1203	1.17549e-38	0
1940.740	1.17549e-38	0	-0.0105063	19.1203	1.17549e-38	0
1940.840	1.17549e-38	0	-0.0105063	19.1203	1.17549e-38	0
1940.940	1.17549e-38	0	-0.00542412	19.0939	1.17549e-38	0
1941.040	1.17549e-38	0	-0.00542412	19.0939	1.17549e-38	0
1941.140	1.17549e-38	0	-0.00542412	19.0939	1.17549e-38	0
1941.240	1.17549e-38	0	-0.00542412	19.0939	1.17549e-38	0
1941.340	1.17549e-38	0	-0.00542412	19.0939	1.17549e-38	0
1941.342	1.17549e-38	0	-0.00542412	19.0939	1.17549e-38	0
1941.442	1.17549e-38	0	-0.00542412	19.0939	1.17549e-38	0
1941.542	1.17549e-38	0	-0.00542412	19.0939	1.17549e-38	0
1941.642	1.17549e-38	0	-0.00542412	19.0939	1.17549e-38	0
1941.742	1.17549e-38	0	-0.00542412	19.0939	1.17549e-38	0
1941.842	1.17549e-38	0	-0.00542412	19.0939	1.17549e-38	0
1941.942	1.17549e-38	0	-0.00542412	19.0939	1.17549e-38	0
1942.042	1.17549e-38	0	-0.00542412	19.0939	1.17549e-38	0
1942.142	1.17549e-38	0	-0.00542412	19.0939	1.17549e-38	0
1942.243	1.17549e-38	0	-0.0105063	19.1996	1.17549e-38	0
1942.342	1.17549e-38	0	-0.0105063	19.1996	1.17549e-38	0
1942.442	1.17549e-38	0	-0.0105063	19.1996	1.17549e-38	0
1942.542	1.17549e-38	0	-0.0105063	19.1996	1.17549e-38	0
1942.642	1.17549e-38	0	-0.0105063	19.1996	1.17549e-38	0
1942.742	1.17549e-38	0	-0.0105063	19.1996	1.17549e-38	0
1942.842	1.17549e-38	0	-0.0105063	19.1996	1.17549e-38	0
1942.942	1.17549e-38	0	-0.0105063	19.1996	1.17549e-38	0
1943.042	1.17549e-38	0	-0.0105063	19.1996	1.17549e-38	0
1943.142	1.17549e-38	0	-0.0105063	19.1996	1.17549e-38	0
1943.242	1.17549e-38	0	-0.0105063	19.1996	1.17549e-38	0
1943.342	1.17549e-38	0	-0.0105063	19.1996	1.17549e-38	0
1943.345	1.17549e-38	0	-0.0105063	19.1996	1.17549e-38	0
1943.444	1.17549e-38	0	-0.00711817	19.2436	1.17549e-38	0
1943.544	1.17549e-38	0	-0.00711817	19.2436	1.17549e-38	0
1943.644	1.17549e-38	0	-0.00711817	19.2436	1.17549e-38	0
1943.744	1.17549e-38	0	-0.00711817	19.2436	1.17549e-38	0
1943.844	1.17549e-38	0	-0.00711817	19.2436	1.17549e-38	0
1943.944	1.17549e-38	0	-0.00711817	19.2436	1.17549e-38	0
1944.044	1.17549e-38	0	-0.00711817	19.2436	1.17549e-38	0
1944.144	1.17549e-38	0	-0.00711817	19.2436	1.17549e-38	0
1944.245	1.17549e-38	0	-0.00711817	19.2436	1.17549e-38	0
1944.344	1.17549e-38	0	-0.00711817	19.2436	1.17549e-38	0
1944.444	1.17549e-38	0	-0.00711817	19.2436	1.17549e-38	0
1944.544	1.17549e-38	0	-0.00711817	19.2436	1.17549e-38	0
1944.644	1.17549e-38	0	-0.00711817	19.2436	1.17549e-38	0
1944.744	1.17549e-38	0	0.00135208	19.0499	1.17549e-38	0
1944.844	1.17549e-38	0	0.00135208	19.0499	1.17549e-38	0
1944.944	1.17549e-38	0	0.00135208	19.0499	1.17549e-38	0
1945.044	1.17549e-38	0	0.00135208	19.0499	1.17549e-38	0
1945.144	1.17549e-38	0	0.00135208	19.0499	1.17549e-38	0
1945.245	1.17549e-38	0	0.00135208	19.0499	1.17549e-38	0
1945.344	1.17549e-38	0	0.00135208	19.0499	1.17549e-38	0
1945.347	1.17549e-38	0	0.00135208	19.0499	1.17549e-38	0
1945.446	1.17549e-38	0	0.00135208	19.0499	1.17549e-38	0
1945.546	1.17549e-38	0	0.00135208	19.0499	1.17549e-38	0
1945.646	1.17549e-38	0	0.00135208	19.0499	1.17549e-38	0
1945.746	1.17549e-38	0	0.00135208	19.0499	1.17549e-38	0
1945.846	1.17549e-38	0	0.00135208	19.0499	1.17549e-38	0
1945.946	1.17549e-38	0	0.0165985	18.9531	1.17549e-38	0
1946.046	1.17549e-38	0	0.0165985	18.9531	1.17549e-38	0
1946.146	1.17549e-38	0	0.0165985	18.9531	1.17549e-38	0
1946.246	1.17549e-38	0	0.0165985	18.9531	1.17549e-38	0
1946.346	1.17549e-38	0	0.0165985	18.9531	1.17549e-38	0
1946.446	1.17549e-38	0	0.0165985	18.9531	1.17549e-38	0
1946.546	1.17549e-38	0	0.0165985	18.9531	1.17549e-38	0
1946.647	1.17549e-38	0	0.0165985	18.9531	1.17549e-38	0
1946.746	1.17549e-38	0	0.0165985	18.9531	1.17549e-38	0
1946.846	1.17549e-38	0	0.0165985	18.9531	1.17549e-38	0
1946.946	1.17549e-38	0	0.0165985	18.9531	1.17549e-38	0
1947.046	1.17549e-38	0	0.0165985	18.9531	1.17549e-38	0
1947.146	1.17549e-38	0	0.0165985	18.9531	1.17549e-38	0
1947.246	1.17549e-38	0	-0.0138944	19.1468	1.17549e-38	0
1947.346	1.17549e-38	0	-0.0138944	19.1468	1.17549e-38	0
1947.349	1.17549e-38	0	-0.0138944	19.1468	1.17549e-38	0
1947.448	1.17549e-38	0	-0.0138944	19.1468	1.17549e-38	0
1947.548	1.17549e-38	0	-0.0138944	19.1468	1.17549e-38	0
1947.648	1.17549e-38	0	-0.0138944	19.1468	1.17549e-38	0
1947.748	1.17549e-38	0	-0.0138944	19.1468	1.17549e-38	0
1947.848	1.17549e-38	0	-0.0138944	19.1468	1.17549e-38	0
1947.948	1.17549e-38	0	-0.0138944	19.1468	1.17549e-38	0
1948.048	1.17549e-38	0	-0.0138944	19.1468	1.17549e-38	0
1948.148	1.17549e-38	0	-0.0138944	19.1468	1.17549e-38	0
1948.248	1.17549e-38	0	-0.0138944	19.1468	1.17549e-38	0
1948.348	1.17549e-38	0	-0.0138944	19.1468	1.17549e-38	0
