# Oscilloscope Data

# Seconds	currentAverage	currentRawValue	currentValue	voltageValue	voltageAverage	voltageRawValue
3172.920	1.17549e-38	0	4.01964	1.04712	1.17549e-38	0
3173.020	1.17549e-38	0	4.01964	1.04712	1.17549e-38	0
3173.120	1.17549e-38	0	4.01964	1.04712	1.17549e-38	0
3173.220	1.17549e-38	0	3.9739	1.07353	1.17549e-38	0
3173.320	1.17549e-38	0	3.9739	1.07353	1.17549e-38	0
3173.420	1.17549e-38	0	3.9739	1.07353	1.17549e-38	0
3173.520	1.17549e-38	0	3.9739	1.07353	1.17549e-38	0
3173.523	1.17549e-38	0	3.9739	1.07353	1.17549e-38	0
3173.622	1.17549e-38	0	3.9739	1.07353	1.17549e-38	0
3173.722	1.17549e-38	0	3.9739	1.07353	1.17549e-38	0
3173.822	1.17549e-38	0	3.9739	1.07353	1.17549e-38	0
3173.922	1.17549e-38	0	3.9739	1.07353	1.17549e-38	0
3174.022	1.17549e-38	0	3.9739	1.07353	1.17549e-38	0
3174.122	1.17549e-38	0	3.9739	1.07353	1.17549e-38	0
3174.222	1.17549e-38	0	3.9739	1.07353	1.17549e-38	0
3174.322	1.17549e-38	0	3.9739	1.07353	1.17549e-38	0
3174.422	1.17549e-38	0	3.98406	1.28481	1.17549e-38	0
3174.522	1.17549e-38	0	3.98406	1.28481	1.17549e-38	0
3174.622	1.17549e-38	0	3.98406	1.28481	1.17549e-38	0
3174.722	1.17549e-38	0	3.98406	1.28481	1.17549e-38	0
3174.822	1.17549e-38	0	3.98406	1.28481	1.17549e-38	0
3174.922	1.17549e-38	0	3.98406	1.28481	1.17549e-38	0
3175.022	1.17549e-38	0	3.98406	1.28481	1.17549e-38	0
3175.122	1.17549e-38	0	3.98406	1.28481	1.17549e-38	0
3175.222	1.17549e-38	0	3.98406	1.28481	1.17549e-38	0
3175.322	1.17549e-38	0	3.98406	1.28481	1.17549e-38	0
3175.422	1.17549e-38	0	3.98406	1.28481	1.17549e-38	0
3175.522	1.17549e-38	0	3.98406	1.28481	1.17549e-38	0
3175.525	1.17549e-38	0	3.98406	1.28481	1.17549e-38	0
3175.624	1.17549e-38	0	3.98406	1.28481	1.17549e-38	0
3175.724	1.17549e-38	0	4.02133	0.879853	1.17549e-38	0
3175.824	1.17549e-38	0	4.02133	0.879853	1.17549e-38	0
3175.924	1.17549e-38	0	4.02133	0.879853	1.17549e-38	0
3176.024	1.17549e-38	0	4.02133	0.879853	1.17549e-38	0
3176.124	1.17549e-38	0	4.02133	0.879853	1.17549e-38	0
3176.224	1.17549e-38	0	4.02133	0.879853	1.17549e-38	0
3176.324	1.17549e-38	0	4.02133	0.879853	1.17549e-38	0
3176.424	1.17549e-38	0	4.02133	0.879853	1.17549e-38	0
3176.524	1.17549e-38	0	4.02133	0.879853	1.17549e-38	0
3176.624	1.17549e-38	0	4.02133	0.879853	1.17549e-38	0
3176.724	1.17549e-38	0	4.02133	0.879853	1.17549e-38	0
3176.824	1.17549e-38	0	4.02133	0.879853	1.17549e-38	0
3176.924	1.17549e-38	0	4.00608	0.862246	1.17549e-38	0
3177.024	1.17549e-38	0	4.00608	0.862246	1.17549e-38	0
3177.124	1.17549e-38	0	4.00608	0.862246	1.17549e-38	0
3177.224	1.17549e-38	0	4.00608	0.862246	1.17549e-38	0
3177.324	1.17549e-38	0	4.00608	0.862246	1.17549e-38	0
3177.424	1.17549e-38	0	4.00608	0.862246	1.17549e-38	0
3177.524	1.17549e-38	0	4.00608	0.862246	1.17549e-38	0
3177.527	1.17549e-38	0	4.00608	0.862246	1.17549e-38	0
3177.626	1.17549e-38	0	4.00608	0.862246	1.17549e-38	0
3177.726	1.17549e-38	0	4.00608	0.862246	1.17549e-38	0
3177.826	1.17549e-38	0	4.00608	0.862246	1.17549e-38	0
3177.926	1.17549e-38	0	4.00608	0.862246	1.17549e-38	0
3178.026	1.17549e-38	0	4.00608	0.862246	1.17549e-38	0
3178.126	1.17549e-38	0	4.00608	0.862246	1.17549e-38	0
3178.226	1.17549e-38	0	3.96882	2.34121	1.17549e-38	0
3178.326	1.17549e-38	0	3.96882	2.34121	1.17549e-38	0
3178.426	1.17549e-38	0	3.96882	2.34121	1.17549e-38	0
3178.526	1.17549e-38	0	3.96882	2.34121	1.17549e-38	0
3178.626	1.17549e-38	0	3.96882	2.34121	1.17549e-38	0
3178.726	1.17549e-38	0	3.96882	2.34121	1.17549e-38	0
3178.826	1.17549e-38	0	3.96882	2.34121	1.17549e-38	0
3178.926	1.17549e-38	0	3.96882	2.34121	1.17549e-38	0
3179.026	1.17549e-38	0	3.96882	2.34121	1.17549e-38	0
3179.126	1.17549e-38	0	3.96882	2.34121	1.17549e-38	0
3179.226	1.17549e-38	0	3.96882	2.34121	1.17549e-38	0
3179.326	1.17549e-38	0	3.96882	2.34121	1.17549e-38	0
3179.426	1.17549e-38	0	3.96035	0.76541	1.17549e-38	0
3179.526	1.17549e-38	0	3.96035	0.76541	1.17549e-38	0
3179.529	1.17549e-38	0	3.96035	0.76541	1.17549e-38	0
3179.628	1.17549e-38	0	3.96035	0.76541	1.17549e-38	0
3179.728	1.17549e-38	0	3.96035	0.76541	1.17549e-38	0
3179.828	1.17549e-38	0	3.96035	0.76541	1.17549e-38	0
3179.928	1.17549e-38	0	3.96035	0.76541	1.17549e-38	0
3180.028	1.17549e-38	0	3.96035	0.76541	1.17549e-38	0
3180.128	1.17549e-38	0	3.96035	0.76541	1.17549e-38	0
3180.228	1.17549e-38	0	3.96035	0.76541	1.17549e-38	0
3180.328	1.17549e-38	0	3.96035	0.76541	1.17549e-38	0
3180.428	1.17549e-38	0	3.96035	0.76541	1.17549e-38	0
3180.528	1.17549e-38	0	3.96035	0.76541	1.17549e-38	0
3180.628	1.17549e-38	0	3.96035	0.76541	1.17549e-38	0
3180.728	1.17549e-38	0	3.94849	0.967886	1.17549e-38	0
3180.828	1.17549e-38	0	3.94849	0.967886	1.17549e-38	0
3180.928	1.17549e-38	0	3.94849	0.967886	1.17549e-38	0
3181.028	1.17549e-38	0	3.94849	0.967886	1.17549e-38	0
3181.128	1.17549e-38	0	3.94849	0.967886	1.17549e-38	0
3181.228	1.17549e-38	0	3.94849	0.967886	1.17549e-38	0
3181.328	1.17549e-38	0	3.94849	0.967886	1.17549e-38	0
3181.428	1.17549e-38	0	3.94849	0.967886	1.17549e-38	0
3181.528	1.17549e-38	0	3.94849	0.967886	1.17549e-38	0
3181.531	1.17549e-38	0	3.94849	0.967886	1.17549e-38	0
3181.630	1.17549e-38	0	3.94849	0.967886	1.17549e-38	0
3181.730	1.17549e-38	0	3.94849	0.967886	1.17549e-38	0
3181.830	1.17549e-38	0	3.94849	0.967886	1.17549e-38	0
3181.930	1.17549e-38	0	3.99084	0.81823	1.17549e-38	0
3182.030	1.17549e-38	0	3.99084	0.81823	1.17549e-38	0
3182.130	1.17549e-38	0	3.99084	0.81823	1.17549e-38	0
3182.230	1.17549e-38	0	3.99084	0.81823	1.17549e-38	0
3182.330	1.17549e-38	0	3.99084	0.81823	1.17549e-38	0
3182.430	1.17549e-38	0	3.99084	0.81823	1.17549e-38	0
3182.530	1.17549e-38	0	3.99084	0.81823	1.17549e-38	0
3182.630	1.17549e-38	0	3.99084	0.81823	1.17549e-38	0
3182.730	1.17549e-38	0	3.99084	0.81823	1.17549e-38	0
3182.830	1.17549e-38	0	3.99084	0.81823	1.17549e-38	0
3182.930	1.17549e-38	0	3.99084	0.81823	1.17549e-38	0
3183.030	1.17549e-38	0	3.99084	0.81823	1.17549e-38	0
3183.130	1.17549e-38	0	3.99084	0.81823	1.17549e-38	0
3183.230	1.17549e-38	0	3.99084	0.809426	1.17549e-38	0
3183.330	1.17549e-38	0	3.99084	0.809426	1.17549e-38	0
3183.430	1.17549e-38	0	3.99084	0.809426	1.17549e-38	0
3183.530	1.17549e-38	0	3.99084	0.809426	1.17549e-38	0
3183.532	1.17549e-38	0	3.99084	0.809426	1.17549e-38	0
3183.632	1.17549e-38	0	3.99084	0.809426	1.17549e-38	0
3183.732	1.17549e-38	0	3.99084	0.809426	1.17549e-38	0
3183.832	1.17549e-38	0	3.99084	0.809426	1.17549e-38	0
3183.932	1.17549e-38	0	3.99084	0.809426	1.17549e-38	0
3184.032	1.17549e-38	0	3.99084	0.809426	1.17549e-38	0
3184.132	1.17549e-38	0	3.99084	0.809426	1.17549e-38	0
3184.232	1.17549e-38	0	3.99084	0.809426	1.17549e-38	0
3184.332	1.17549e-38	0	3.99084	0.809426	1.17549e-38	0
3184.432	1.17549e-38	0	3.91122	1.30241	1.17549e-38	0
3184.532	1.17549e-38	0	3.91122	1.30241	1.17549e-38	0
3184.632	1.17549e-38	0	3.91122	1.30241	1.17549e-38	0
3184.732	1.17549e-38	0	3.91122	1.30241	1.17549e-38	0
3184.832	1.17549e-38	0	3.91122	1.30241	1.17549e-38	0
3184.932	1.17549e-38	0	3.91122	1.30241	1.17549e-38	0
3185.032	1.17549e-38	0	3.91122	1.30241	1.17549e-38	0
3185.132	1.17549e-38	0	3.91122	1.30241	1.17549e-38	0
3185.232	1.17549e-38	0	3.91122	1.30241	1.17549e-38	0
3185.332	1.17549e-38	0	3.91122	1.30241	1.17549e-38	0
3185.432	1.17549e-38	0	3.91122	1.30241	1.17549e-38	0
3185.532	1.17549e-38	0	3.91122	1.30241	1.17549e-38	0
3185.536	1.17549e-38	0	3.91122	1.30241	1.17549e-38	0
3185.635	1.17549e-38	0	3.91122	1.30241	1.17549e-38	0
3185.735	1.17549e-38	0	3.95187	1.40805	1.17549e-38	0
3185.835	1.17549e-38	0	3.95187	1.40805	1.17549e-38	0
3185.935	1.17549e-38	0	3.95187	1.40805	1.17549e-38	0
3186.035	1.17549e-38	0	3.95187	1.40805	1.17549e-38	0
3186.135	1.17549e-38	0	3.95187	1.40805	1.17549e-38	0
3186.235	1.17549e-38	0	3.95187	1.40805	1.17549e-38	0
3186.335	1.17549e-38	0	3.95187	1.40805	1.17549e-38	0
3186.435	1.17549e-38	0	3.95187	1.40805	1.17549e-38	0
3186.535	1.17549e-38	0	3.95187	1.40805	1.17549e-38	0
3186.635	1.17549e-38	0	3.95187	1.40805	1.17549e-38	0
3186.735	1.17549e-38	0	3.95187	1.40805	1.17549e-38	0
3186.835	1.17549e-38	0	3.95187	1.40805	1.17549e-38	0
3186.935	1.17549e-38	0	4.00439	1.41686	1.17549e-38	0
3187.035	1.17549e-38	0	4.00439	1.41686	1.17549e-38	0
3187.135	1.17549e-38	0	4.00439	1.41686	1.17549e-38	0
3187.235	1.17549e-38	0	4.00439	1.41686	1.17549e-38	0
3187.335	1.17549e-38	0	4.00439	1.41686	1.17549e-38	0
3187.435	1.17549e-38	0	4.00439	1.41686	1.17549e-38	0
3187.535	1.17549e-38	0	4.00439	1.41686	1.17549e-38	0
3187.540	1.17549e-38	0	4.00439	1.41686	1.17549e-38	0
3187.639	1.17549e-38	0	4.00439	1.41686	1.17549e-38	0
3187.739	1.17549e-38	0	4.00439	1.41686	1.17549e-38	0
3187.839	1.17549e-38	0	4.00439	1.41686	1.17549e-38	0
3187.939	1.17549e-38	0	4.00439	1.41686	1.17549e-38	0
3188.039	1.17549e-38	0	4.00439	1.41686	1.17549e-38	0
3188.139	1.17549e-38	0	4.00439	1.41686	1.17549e-38	0
3188.239	1.17549e-38	0	4.0027	1.0031	1.17549e-38	0
3188.339	1.17549e-38	0	4.0027	1.0031	1.17549e-38	0
3188.439	1.17549e-38	0	4.0027	1.0031	1.17549e-38	0
3188.539	1.17549e-38	0	4.0027	1.0031	1.17549e-38	0
3188.639	1.17549e-38	0	4.0027	1.0031	1.17549e-38	0
3188.739	1.17549e-38	0	4.0027	1.0031	1.17549e-38	0
3188.839	1.17549e-38	0	4.0027	1.0031	1.17549e-38	0
3188.939	1.17549e-38	0	4.0027	1.0031	1.17549e-38	0
3189.039	1.17549e-38	0	4.0027	1.0031	1.17549e-38	0
3189.139	1.17549e-38	0	4.0027	1.0031	1.17549e-38	0
3189.239	1.17549e-38	0	4.0027	1.0031	1.17549e-38	0
3189.339	1.17549e-38	0	4.0027	1.0031	1.17549e-38	0
3189.439	1.17549e-38	0	4.00608	1.15276	1.17549e-38	0
3189.539	1.17549e-38	0	4.00608	1.15276	1.17549e-38	0
3189.542	1.17549e-38	0	4.00608	1.15276	1.17549e-38	0
3189.642	1.17549e-38	0	4.00608	1.15276	1.17549e-38	0
3189.742	1.17549e-38	0	4.00608	1.15276	1.17549e-38	0
3189.842	1.17549e-38	0	4.00608	1.15276	1.17549e-38	0
3189.942	1.17549e-38	0	4.00608	1.15276	1.17549e-38	0
3190.042	1.17549e-38	0	4.00608	1.15276	1.17549e-38	0
3190.142	1.17549e-38	0	4.00608	1.15276	1.17549e-38	0
3190.242	1.17549e-38	0	4.00608	1.15276	1.17549e-38	0
3190.342	1.17549e-38	0	4.00608	1.15276	1.17549e-38	0
3190.442	1.17549e-38	0	4.00608	1.15276	1.17549e-38	0
3190.542	1.17549e-38	0	4.00608	1.15276	1.17549e-38	0
3190.642	1.17549e-38	0	4.00608	1.15276	1.17549e-38	0
3190.742	1.17549e-38	0	4.01286	1.29361	1.17549e-38	0
3190.842	1.17549e-38	0	4.01286	1.29361	1.17549e-38	0
3190.942	1.17549e-38	0	4.01286	1.29361	1.17549e-38	0
3191.042	1.17549e-38	0	4.01286	1.29361	1.17549e-38	0
3191.142	1.17549e-38	0	4.01286	1.29361	1.17549e-38	0
3191.242	1.17549e-38	0	4.01286	1.29361	1.17549e-38	0
3191.342	1.17549e-38	0	4.01286	1.29361	1.17549e-38	0
3191.442	1.17549e-38	0	4.01286	1.29361	1.17549e-38	0
3191.542	1.17549e-38	0	4.01286	1.29361	1.17549e-38	0
3191.544	1.17549e-38	0	4.01286	1.29361	1.17549e-38	0
3191.644	1.17549e-38	0	4.01286	1.29361	1.17549e-38	0
3191.744	1.17549e-38	0	4.01286	1.29361	1.17549e-38	0
3191.844	1.17549e-38	0	4.01286	1.29361	1.17549e-38	0
3191.944	1.17549e-38	0	4.0586	1.20558	1.17549e-38	0
3192.044	1.17549e-38	0	4.0586	1.20558	1.17549e-38	0
3192.144	1.17549e-38	0	4.0586	1.20558	1.17549e-38	0
3192.244	1.17549e-38	0	4.0586	1.20558	1.17549e-38	0
3192.344	1.17549e-38	0	4.0586	1.20558	1.17549e-38	0
3192.444	1.17549e-38	0	4.0586	1.20558	1.17549e-38	0
3192.544	1.17549e-38	0	4.0586	1.20558	1.17549e-38	0
3192.644	1.17549e-38	0	4.0586	1.20558	1.17549e-38	0
3192.744	1.17549e-38	0	4.0586	1.20558	1.17549e-38	0
3192.844	1.17549e-38	0	4.0586	1.20558	1.17549e-38	0
3192.944	1.17549e-38	0	4.0586	1.20558	1.17549e-38	0
3193.044	1.17549e-38	0	4.0586	1.20558	1.17549e-38	0
3193.144	1.17549e-38	0	4.0586	1.20558	1.17549e-38	0
3193.244	1.17549e-38	0	4.01117	0.985493	1.17549e-38	0
3193.344	1.17549e-38	0	4.01117	0.985493	1.17549e-38	0
3193.444	1.17549e-38	0	4.01117	0.985493	1.17549e-38	0
3193.544	1.17549e-38	0	4.01117	0.985493	1.17549e-38	0
3193.547	1.17549e-38	0	4.01117	0.985493	1.17549e-38	0
3193.646	1.17549e-38	0	4.01117	0.985493	1.17549e-38	0
3193.746	1.17549e-38	0	4.01117	0.985493	1.17549e-38	0
3193.846	1.17549e-38	0	4.01117	0.985493	1.17549e-38	0
3193.946	1.17549e-38	0	4.01117	0.985493	1.17549e-38	0
3194.046	1.17549e-38	0	4.01117	0.985493	1.17549e-38	0
3194.146	1.17549e-38	0	4.01117	0.985493	1.17549e-38	0
3194.246	1.17549e-38	0	4.01117	0.985493	1.17549e-38	0
3194.346	1.17549e-38	0	4.01117	0.985493	1.17549e-38	0
3194.446	1.17549e-38	0	4.01117	0.985493	1.17549e-38	0
3194.546	1.17549e-38	0	4.00778	1.02951	1.17549e-38	0
3194.646	1.17549e-38	0	4.00778	1.02951	1.17549e-38	0
3194.746	1.17549e-38	0	4.00778	1.02951	1.17549e-38	0
3194.846	1.17549e-38	0	4.00778	1.02951	1.17549e-38	0
3194.946	1.17549e-38	0	4.00778	1.02951	1.17549e-38	0
3195.046	1.17549e-38	0	4.00778	1.02951	1.17549e-38	0
3195.146	1.17549e-38	0	4.00778	1.02951	1.17549e-38	0
3195.246	1.17549e-38	0	4.00778	1.02951	1.17549e-38	0
3195.346	1.17549e-38	0	4.00778	1.02951	1.17549e-38	0
3195.446	1.17549e-38	0	4.00778	1.02951	1.17549e-38	0
3195.546	1.17549e-38	0	4.00778	1.02951	1.17549e-38	0
3195.549	1.17549e-38	0	4.00778	1.02951	1.17549e-38	0
3195.648	1.17549e-38	0	4.00778	1.02951	1.17549e-38	0
3195.748	1.17549e-38	0	4.02811	0.941476	1.17549e-38	0
3195.848	1.17549e-38	0	4.02811	0.941476	1.17549e-38	0
3195.948	1.17549e-38	0	4.02811	0.941476	1.17549e-38	0
3196.048	1.17549e-38	0	4.02811	0.941476	1.17549e-38	0
3196.148	1.17549e-38	0	4.02811	0.941476	1.17549e-38	0
3196.248	1.17549e-38	0	4.02811	0.941476	1.17549e-38	0
3196.348	1.17549e-38	0	4.02811	0.941476	1.17549e-38	0
3196.448	1.17549e-38	0	4.02811	0.941476	1.17549e-38	0
3196.548	1.17549e-38	0	4.02811	0.941476	1.17549e-38	0
3196.648	1.17549e-38	0	4.02811	0.941476	1.17549e-38	0
3196.748	1.17549e-38	0	4.02811	0.941476	1.17549e-38	0
3196.848	1.17549e-38	0	4.02811	0.941476	1.17549e-38	0
3196.948	1.17549e-38	0	4.02811	0.941476	1.17549e-38	0
3197.048	1.17549e-38	0	4.02302	0.967886	1.17549e-38	0
3197.148	1.17549e-38	0	4.02302	0.967886	1.17549e-38	0
3197.248	1.17549e-38	0	4.02302	0.967886	1.17549e-38	0
3197.348	1.17549e-38	0	4.02302	0.967886	1.17549e-38	0
3197.448	1.17549e-38	0	4.02302	0.967886	1.17549e-38	0
3197.548	1.17549e-38	0	4.02302	0.967886	1.17549e-38	0
3197.551	1.17549e-38	0	4.02302	0.967886	1.17549e-38	0
3197.650	1.17549e-38	0	4.02302	0.967886	1.17549e-38	0
3197.750	1.17549e-38	0	4.02302	0.967886	1.17549e-38	0
3197.850	1.17549e-38	0	4.02302	0.967886	1.17549e-38	0
3197.950	1.17549e-38	0	4.02302	0.967886	1.17549e-38	0
3198.050	1.17549e-38	0	4.02302	0.967886	1.17549e-38	0
3198.150	1.17549e-38	0	4.02302	0.967886	1.17549e-38	0
3198.250	1.17549e-38	0	3.90783	1.13515	1.17549e-38	0
3198.350	1.17549e-38	0	3.90783	1.13515	1.17549e-38	0
3198.450	1.17549e-38	0	3.90783	1.13515	1.17549e-38	0
3198.550	1.17549e-38	0	3.90783	1.13515	1.17549e-38	0
3198.650	1.17549e-38	0	3.90783	1.13515	1.17549e-38	0
3198.750	1.17549e-38	0	3.90783	1.13515	1.17549e-38	0
3198.850	1.17549e-38	0	3.90783	1.13515	1.17549e-38	0
3198.950	1.17549e-38	0	3.90783	1.13515	1.17549e-38	0
3199.050	1.17549e-38	0	3.90783	1.13515	1.17549e-38	0
3199.150	1.17549e-38	0	3.90783	1.13515	1.17549e-38	0
3199.250	1.17549e-38	0	3.90783	1.13515	1.17549e-38	0
3199.350	1.17549e-38	0	3.90783	1.13515	1.17549e-38	0
3199.450	1.17549e-38	0	3.90783	1.13515	1.17549e-38	0
3199.550	1.17549e-38	0	4.02641	0.941476	1.17549e-38	0
3199.553	1.17549e-38	0	4.02641	0.941476	1.17549e-38	0
3199.652	1.17549e-38	0	4.02641	0.941476	1.17549e-38	0
3199.752	1.17549e-38	0	4.02641	0.941476	1.17549e-38	0
3199.852	1.17549e-38	0	4.02641	0.941476	1.17549e-38	0
3199.952	1.17549e-38	0	4.02641	0.941476	1.17549e-38	0
3200.052	1.17549e-38	0	4.02641	0.941476	1.17549e-38	0
3200.152	1.17549e-38	0	4.02641	0.941476	1.17549e-38	0
3200.252	1.17549e-38	0	4.02641	0.941476	1.17549e-38	0
3200.352	1.17549e-38	0	4.02641	0.941476	1.17549e-38	0
3200.452	1.17549e-38	0	4.02641	0.941476	1.17549e-38	0
3200.552	1.17549e-38	0	4.02641	0.941476	1.17549e-38	0
3200.652	1.17549e-38	0	4.02641	0.941476	1.17549e-38	0
3200.752	1.17549e-38	0	4.01455	1.20558	1.17549e-38	0
3200.852	1.17549e-38	0	4.01455	1.20558	1.17549e-38	0
3200.952	1.17549e-38	0	4.01455	1.20558	1.17549e-38	0
3201.052	1.17549e-38	0	4.01455	1.20558	1.17549e-38	0
3201.152	1.17549e-38	0	4.01455	1.20558	1.17549e-38	0
3201.252	1.17549e-38	0	4.01455	1.20558	1.17549e-38	0
3201.352	1.17549e-38	0	4.01455	1.20558	1.17549e-38	0
3201.452	1.17549e-38	0	4.01455	1.20558	1.17549e-38	0
3201.552	1.17549e-38	0	4.01455	1.20558	1.17549e-38	0
3201.555	1.17549e-38	0	4.01455	1.20558	1.17549e-38	0
3201.654	1.17549e-38	0	4.01455	1.20558	1.17549e-38	0
3201.754	1.17549e-38	0	4.01455	1.20558	1.17549e-38	0
3201.854	1.17549e-38	0	4.01455	1.20558	1.17549e-38	0
3201.954	1.17549e-38	0	4.01455	1.20558	1.17549e-38	0
3202.054	1.17549e-38	0	4.02641	1.09113	1.17549e-38	0
3202.154	1.17549e-38	0	4.02641	1.09113	1.17549e-38	0
3202.254	1.17549e-38	0	4.02641	1.09113	1.17549e-38	0
3202.354	1.17549e-38	0	4.02641	1.09113	1.17549e-38	0
3202.454	1.17549e-38	0	4.02641	1.09113	1.17549e-38	0
3202.554	1.17549e-38	0	4.02641	1.09113	1.17549e-38	0
3202.654	1.17549e-38	0	4.02641	1.09113	1.17549e-38	0
3202.754	1.17549e-38	0	4.02641	1.09113	1.17549e-38	0
3202.854	1.17549e-38	0	4.02641	1.09113	1.17549e-38	0
3202.954	1.17549e-38	0	4.02641	1.09113	1.17549e-38	0
3203.054	1.17549e-38	0	4.02641	1.09113	1.17549e-38	0
3203.154	1.17549e-38	0	4.02641	1.09113	1.17549e-38	0
3203.254	1.17549e-38	0	3.96543	0.967886	1.17549e-38	0
3203.354	1.17549e-38	0	3.96543	0.967886	1.17549e-38	0
3203.454	1.17549e-38	0	3.96543	0.967886	1.17549e-38	0
3203.554	1.17549e-38	0	3.96543	0.967886	1.17549e-38	0
3203.557	1.17549e-38	0	3.96543	0.967886	1.17549e-38	0
3203.657	1.17549e-38	0	3.96543	0.967886	1.17549e-38	0
3203.757	1.17549e-38	0	3.96543	0.967886	1.17549e-38	0
3203.857	1.17549e-38	0	3.96543	0.967886	1.17549e-38	0
3203.957	1.17549e-38	0	3.96543	0.967886	1.17549e-38	0
3204.057	1.17549e-38	0	3.96543	0.967886	1.17549e-38	0
3204.157	1.17549e-38	0	3.96543	0.967886	1.17549e-38	0
3204.257	1.17549e-38	0	3.96543	0.967886	1.17549e-38	0
3204.357	1.17549e-38	0	3.96543	0.967886	1.17549e-38	0
3204.457	1.17549e-38	0	3.96543	0.967886	1.17549e-38	0
3204.557	1.17549e-38	0	3.94002	0.76541	1.17549e-38	0
3204.657	1.17549e-38	0	3.94002	0.76541	1.17549e-38	0
3204.757	1.17549e-38	0	3.94002	0.76541	1.17549e-38	0
3204.857	1.17549e-38	0	3.94002	0.76541	1.17549e-38	0
3204.957	1.17549e-38	0	3.94002	0.76541	1.17549e-38	0
3205.057	1.17549e-38	0	3.94002	0.76541	1.17549e-38	0
3205.157	1.17549e-38	0	3.94002	0.76541	1.17549e-38	0
3205.257	1.17549e-38	0	3.94002	0.76541	1.17549e-38	0
3205.357	1.17549e-38	0	3.94002	0.76541	1.17549e-38	0
3205.457	1.17549e-38	0	3.94002	0.76541	1.17549e-38	0
3205.557	1.17549e-38	0	3.94002	0.76541	1.17549e-38	0
3205.559	1.17549e-38	0	3.94002	0.76541	1.17549e-38	0
3205.659	1.17549e-38	0	3.94002	0.76541	1.17549e-38	0
3205.759	1.17549e-38	0	4.03658	1.05592	1.17549e-38	0
3205.859	1.17549e-38	0	4.03658	1.05592	1.17549e-38	0
3205.959	1.17549e-38	0	4.03658	1.05592	1.17549e-38	0
3206.059	1.17549e-38	0	4.03658	1.05592	1.17549e-38	0
3206.159	1.17549e-38	0	4.03658	1.05592	1.17549e-38	0
3206.259	1.17549e-38	0	4.03658	1.05592	1.17549e-38	0
3206.359	1.17549e-38	0	4.03658	1.05592	1.17549e-38	0
3206.459	1.17549e-38	0	4.03658	1.05592	1.17549e-38	0
3206.559	1.17549e-38	0	4.03658	1.05592	1.17549e-38	0
3206.659	1.17549e-38	0	4.03658	1.05592	1.17549e-38	0
3206.759	1.17549e-38	0	4.03658	1.05592	1.17549e-38	0
3206.859	1.17549e-38	0	4.03658	1.05592	1.17549e-38	0
3206.959	1.17549e-38	0	4.03658	1.05592	1.17549e-38	0
3207.059	1.17549e-38	0	3.92646	1.23199	1.17549e-38	0
3207.159	1.17549e-38	0	3.92646	1.23199	1.17549e-38	0
3207.259	1.17549e-38	0	3.92646	1.23199	1.17549e-38	0
3207.359	1.17549e-38	0	3.92646	1.23199	1.17549e-38	0
3207.459	1.17549e-38	0	3.92646	1.23199	1.17549e-38	0
3207.559	1.17549e-38	0	3.92646	1.23199	1.17549e-38	0
3207.562	1.17549e-38	0	3.92646	1.23199	1.17549e-38	0
3207.661	1.17549e-38	0	3.92646	1.23199	1.17549e-38	0
3207.761	1.17549e-38	0	3.92646	1.23199	1.17549e-38	0
3207.861	1.17549e-38	0	3.92646	1.23199	1.17549e-38	0
3207.961	1.17549e-38	0	3.92646	1.23199	1.17549e-38	0
3208.061	1.17549e-38	0	3.92646	1.23199	1.17549e-38	0
3208.161	1.17549e-38	0	3.92646	1.23199	1.17549e-38	0
3208.261	1.17549e-38	0	4.01794	1.08233	1.17549e-38	0
3208.361	1.17549e-38	0	4.01794	1.08233	1.17549e-38	0
3208.461	1.17549e-38	0	4.01794	1.08233	1.17549e-38	0
3208.561	1.17549e-38	0	4.01794	1.08233	1.17549e-38	0
3208.661	1.17549e-38	0	4.01794	1.08233	1.17549e-38	0
3208.761	1.17549e-38	0	4.01794	1.08233	1.17549e-38	0
3208.861	1.17549e-38	0	4.01794	1.08233	1.17549e-38	0
3208.961	1.17549e-38	0	4.01794	1.08233	1.17549e-38	0
3209.061	1.17549e-38	0	4.01794	1.08233	1.17549e-38	0
3209.161	1.17549e-38	0	4.01794	1.08233	1.17549e-38	0
3209.261	1.17549e-38	0	4.01794	1.08233	1.17549e-38	0
3209.361	1.17549e-38	0	4.01794	1.08233	1.17549e-38	0
3209.461	1.17549e-38	0	4.01794	1.08233	1.17549e-38	0
3209.561	1.17549e-38	0	4.01455	1.24079	1.17549e-38	0
3209.564	1.17549e-38	0	4.01455	1.24079	1.17549e-38	0
3209.663	1.17549e-38	0	4.01455	1.24079	1.17549e-38	0
3209.763	1.17549e-38	0	4.01455	1.24079	1.17549e-38	0
3209.863	1.17549e-38	0	4.01455	1.24079	1.17549e-38	0
3209.963	1.17549e-38	0	4.01455	1.24079	1.17549e-38	0
3210.063	1.17549e-38	0	4.01455	1.24079	1.17549e-38	0
3210.163	1.17549e-38	0	4.01455	1.24079	1.17549e-38	0
3210.263	1.17549e-38	0	4.01455	1.24079	1.17549e-38	0
3210.363	1.17549e-38	0	4.01455	1.24079	1.17549e-38	0
3210.463	1.17549e-38	0	4.01455	1.24079	1.17549e-38	0
3210.563	1.17549e-38	0	4.01455	1.24079	1.17549e-38	0
3210.663	1.17549e-38	0	4.01455	1.24079	1.17549e-38	0
3210.763	1.17549e-38	0	3.93493	1.08233	1.17549e-38	0
3210.863	1.17549e-38	0	3.93493	1.08233	1.17549e-38	0
3210.963	1.17549e-38	0	3.93493	1.08233	1.17549e-38	0
3211.063	1.17549e-38	0	3.93493	1.08233	1.17549e-38	0
3211.163	1.17549e-38	0	3.93493	1.08233	1.17549e-38	0
3211.263	1.17549e-38	0	3.93493	1.08233	1.17549e-38	0
3211.363	1.17549e-38	0	3.93493	1.08233	1.17549e-38	0
3211.463	1.17549e-38	0	3.93493	1.08233	1.17549e-38	0
3211.563	1.17549e-38	0	3.93493	1.08233	1.17549e-38	0
3211.566	1.17549e-38	0	3.93493	1.08233	1.17549e-38	0
3211.665	1.17549e-38	0	3.93493	1.08233	1.17549e-38	0
3211.765	1.17549e-38	0	3.93493	1.08233	1.17549e-38	0
3211.865	1.17549e-38	0	3.93493	1.08233	1.17549e-38	0
3211.965	1.17549e-38	0	3.93493	1.08233	1.17549e-38	0
3212.065	1.17549e-38	0	4.01625	1.02071	1.17549e-38	0
3212.165	1.17549e-38	0	4.01625	1.02071	1.17549e-38	0
3212.265	1.17549e-38	0	4.01625	1.02071	1.17549e-38	0
3212.365	1.17549e-38	0	4.01625	1.02071	1.17549e-38	0
3212.465	1.17549e-38	0	4.01625	1.02071	1.17549e-38	0
3212.565	1.17549e-38	0	4.01625	1.02071	1.17549e-38	0
3212.665	1.17549e-38	0	4.01625	1.02071	1.17549e-38	0
3212.765	1.17549e-38	0	4.01625	1.02071	1.17549e-38	0
3212.865	1.17549e-38	0	4.01625	1.02071	1.17549e-38	0
3212.965	1.17549e-38	0	4.01625	1.02071	1.17549e-38	0
3213.065	1.17549e-38	0	4.01625	1.02071	1.17549e-38	0
3213.165	1.17549e-38	0	4.01625	1.02071	1.17549e-38	0
3213.265	1.17549e-38	0	4.01625	0.853443	1.17549e-38	0
3213.365	1.17549e-38	0	4.01117	0.853443	1.17549e-38	0
3213.465	1.17549e-38	0	4.01117	0.853443	1.17549e-38	0
3213.565	1.17549e-38	0	4.01117	0.853443	1.17549e-38	0
3213.567	1.17549e-38	0	4.01117	0.853443	1.17549e-38	0
3213.667	1.17549e-38	0	4.01117	0.853443	1.17549e-38	0
3213.767	1.17549e-38	0	4.01117	0.853443	1.17549e-38	0
3213.867	1.17549e-38	0	4.01117	0.853443	1.17549e-38	0
3213.967	1.17549e-38	0	4.01117	0.853443	1.17549e-38	0
3214.067	1.17549e-38	0	4.01117	0.853443	1.17549e-38	0
3214.167	1.17549e-38	0	4.01117	0.853443	1.17549e-38	0
3214.267	1.17549e-38	0	4.01117	0.853443	1.17549e-38	0
3214.367	1.17549e-38	0	4.01117	0.853443	1.17549e-38	0
3214.467	1.17549e-38	0	4.01117	0.853443	1.17549e-38	0
3214.567	1.17549e-38	0	3.92138	1.03831	1.17549e-38	0
3214.667	1.17549e-38	0	3.92138	1.03831	1.17549e-38	0
3214.767	1.17549e-38	0	3.92138	1.03831	1.17549e-38	0
3214.867	1.17549e-38	0	3.92138	1.03831	1.17549e-38	0
3214.967	1.17549e-38	0	3.92138	1.03831	1.17549e-38	0
3215.067	1.17549e-38	0	3.92138	1.03831	1.17549e-38	0
3215.167	1.17549e-38	0	3.92138	1.03831	1.17549e-38	0
3215.267	1.17549e-38	0	3.92138	1.03831	1.17549e-38	0
3215.367	1.17549e-38	0	3.92138	1.03831	1.17549e-38	0
3215.467	1.17549e-38	0	3.92138	1.03831	1.17549e-38	0
3215.567	1.17549e-38	0	3.92138	1.03831	1.17549e-38	0
3215.570	1.17549e-38	0	3.92138	1.03831	1.17549e-38	0
3215.669	1.17549e-38	0	3.92138	1.03831	1.17549e-38	0
3215.769	1.17549e-38	0	3.92138	1.03831	1.17549e-38	0
3215.869	1.17549e-38	0	3.99592	1.03831	1.17549e-38	0
3215.969	1.17549e-38	0	3.99592	1.03831	1.17549e-38	0
3216.069	1.17549e-38	0	3.99592	1.03831	1.17549e-38	0
3216.169	1.17549e-38	0	3.99592	1.03831	1.17549e-38	0
3216.269	1.17549e-38	0	3.99592	1.03831	1.17549e-38	0
3216.369	1.17549e-38	0	3.99592	1.03831	1.17549e-38	0
3216.469	1.17549e-38	0	3.99592	1.03831	1.17549e-38	0
3216.569	1.17549e-38	0	3.99592	1.03831	1.17549e-38	0
3216.669	1.17549e-38	0	3.99592	1.03831	1.17549e-38	0
3216.769	1.17549e-38	0	3.99592	1.03831	1.17549e-38	0
3216.869	1.17549e-38	0	3.99592	1.03831	1.17549e-38	0
3216.969	1.17549e-38	0	3.99592	1.03831	1.17549e-38	0
3217.069	1.17549e-38	0	3.9739	0.932673	1.17549e-38	0
3217.169	1.17549e-38	0	3.9739	0.932673	1.17549e-38	0
3217.269	1.17549e-38	0	3.9739	0.932673	1.17549e-38	0
3217.369	1.17549e-38	0	3.9739	0.932673	1.17549e-38	0
3217.469	1.17549e-38	0	3.9739	0.932673	1.17549e-38	0
3217.569	1.17549e-38	0	3.9739	0.932673	1.17549e-38	0
3217.572	1.17549e-38	0	3.9739	0.932673	1.17549e-38	0
3217.671	1.17549e-38	0	3.9739	0.932673	1.17549e-38	0
3217.771	1.17549e-38	0	3.9739	0.932673	1.17549e-38	0
3217.871	1.17549e-38	0	3.9739	0.932673	1.17549e-38	0
3217.971	1.17549e-38	0	3.9739	0.932673	1.17549e-38	0
3218.071	1.17549e-38	0	3.9739	0.932673	1.17549e-38	0
3218.171	1.17549e-38	0	3.9739	0.932673	1.17549e-38	0
3218.271	1.17549e-38	0	3.9739	0.932673	1.17549e-38	0
3218.371	1.17549e-38	0	3.99931	1.03831	1.17549e-38	0
3218.471	1.17549e-38	0	3.99931	1.03831	1.17549e-38	0
3218.571	1.17549e-38	0	3.99931	1.03831	1.17549e-38	0
3218.671	1.17549e-38	0	3.99931	1.03831	1.17549e-38	0
3218.771	1.17549e-38	0	3.99931	1.03831	1.17549e-38	0
3218.871	1.17549e-38	0	3.99931	1.03831	1.17549e-38	0
3218.971	1.17549e-38	0	3.99931	1.03831	1.17549e-38	0
3219.071	1.17549e-38	0	3.99931	1.03831	1.17549e-38	0
3219.171	1.17549e-38	0	3.99931	1.03831	1.17549e-38	0
3219.271	1.17549e-38	0	3.99931	1.03831	1.17549e-38	0
3219.371	1.17549e-38	0	3.99931	1.03831	1.17549e-38	0
3219.471	1.17549e-38	0	3.99931	1.03831	1.17549e-38	0
3219.571	1.17549e-38	0	3.90952	0.827033	1.17549e-38	0
3219.574	1.17549e-38	0	3.90952	0.827033	1.17549e-38	0
3219.673	1.17549e-38	0	3.90952	0.827033	1.17549e-38	0
3219.773	1.17549e-38	0	3.90952	0.827033	1.17549e-38	0
3219.873	1.17549e-38	0	3.90952	0.827033	1.17549e-38	0
3219.973	1.17549e-38	0	3.90952	0.827033	1.17549e-38	0
3220.073	1.17549e-38	0	3.90952	0.827033	1.17549e-38	0
3220.173	1.17549e-38	0	3.90952	0.827033	1.17549e-38	0
3220.273	1.17549e-38	0	3.90952	0.827033	1.17549e-38	0
3220.373	1.17549e-38	0	3.90952	0.827033	1.17549e-38	0
3220.473	1.17549e-38	0	3.90952	0.827033	1.17549e-38	0
3220.573	1.17549e-38	0	3.90952	0.827033	1.17549e-38	0
3220.673	1.17549e-38	0	3.90952	0.827033	1.17549e-38	0
3220.773	1.17549e-38	0	3.90952	0.827033	1.17549e-38	0
3220.873	1.17549e-38	0	3.90105	1.15276	1.17549e-38	0
3220.973	1.17549e-38	0	3.90105	1.15276	1.17549e-38	0
3221.073	1.17549e-38	0	3.90105	1.15276	1.17549e-38	0
3221.173	1.17549e-38	0	3.90105	1.15276	1.17549e-38	0
3221.273	1.17549e-38	0	3.90105	1.15276	1.17549e-38	0
3221.373	1.17549e-38	0	3.90105	1.15276	1.17549e-38	0
3221.473	1.17549e-38	0	3.90105	1.15276	1.17549e-38	0
3221.573	1.17549e-38	0	3.90105	1.15276	1.17549e-38	0
3221.575	1.17549e-38	0	3.90105	1.15276	1.17549e-38	0
3221.675	1.17549e-38	0	3.90105	1.15276	1.17549e-38	0
3221.775	1.17549e-38	0	3.90105	1.15276	1.17549e-38	0
3221.875	1.17549e-38	0	3.90105	1.15276	1.17549e-38	0
3221.975	1.17549e-38	0	3.90105	1.15276	1.17549e-38	0
3222.075	1.17549e-38	0	3.98745	0.967886	1.17549e-38	0
3222.175	1.17549e-38	0	3.98745	0.967886	1.17549e-38	0
3222.275	1.17549e-38	0	3.98745	0.967886	1.17549e-38	0
3222.375	1.17549e-38	0	3.98745	0.967886	1.17549e-38	0
3222.475	1.17549e-38	0	3.98745	0.967886	1.17549e-38	0
3222.575	1.17549e-38	0	3.98745	0.967886	1.17549e-38	0
3222.675	1.17549e-38	0	3.98745	0.967886	1.17549e-38	0
3222.775	1.17549e-38	0	3.98745	0.967886	1.17549e-38	0
3222.875	1.17549e-38	0	3.98745	0.967886	1.17549e-38	0
3222.975	1.17549e-38	0	3.98745	0.967886	1.17549e-38	0
3223.075	1.17549e-38	0	3.98745	0.967886	1.17549e-38	0
3223.175	1.17549e-38	0	3.98745	0.967886	1.17549e-38	0
3223.275	1.17549e-38	0	3.98745	0.967886	1.17549e-38	0
3223.375	1.17549e-38	0	3.97729	1.15276	1.17549e-38	0
3223.475	1.17549e-38	0	3.97729	1.15276	1.17549e-38	0
3223.575	1.17549e-38	0	3.97729	1.15276	1.17549e-38	0
3223.577	1.17549e-38	0	3.97729	1.15276	1.17549e-38	0
3223.677	1.17549e-38	0	3.97729	1.15276	1.17549e-38	0
3223.777	1.17549e-38	0	3.97729	1.15276	1.17549e-38	0
3223.877	1.17549e-38	0	3.97729	1.15276	1.17549e-38	0
3223.977	1.17549e-38	0	3.97729	1.15276	1.17549e-38	0
3224.077	1.17549e-38	0	3.97729	1.15276	1.17549e-38	0
3224.177	1.17549e-38	0	3.97729	1.15276	1.17549e-38	0
3224.277	1.17549e-38	0	3.97729	1.15276	1.17549e-38	0
3224.377	1.17549e-38	0	3.97729	1.15276	1.17549e-38	0
3224.477	1.17549e-38	0	3.97729	1.15276	1.17549e-38	0
3224.577	1.17549e-38	0	4.02302	0.941476	1.17549e-38	0
3224.677	1.17549e-38	0	4.02302	0.941476	1.17549e-38	0
3224.777	1.17549e-38	0	4.02302	0.941476	1.17549e-38	0
3224.877	1.17549e-38	0	4.02302	0.941476	1.17549e-38	0
3224.977	1.17549e-38	0	4.02302	0.941476	1.17549e-38	0
3225.077	1.17549e-38	0	4.02302	0.941476	1.17549e-38	0
3225.177	1.17549e-38	0	4.02302	0.941476	1.17549e-38	0
3225.277	1.17549e-38	0	4.02302	0.941476	1.17549e-38	0
3225.377	1.17549e-38	0	4.02302	0.941476	1.17549e-38	0
3225.477	1.17549e-38	0	4.02302	0.941476	1.17549e-38	0
3225.577	1.17549e-38	0	4.02302	0.941476	1.17549e-38	0
3225.580	1.17549e-38	0	4.02302	0.941476	1.17549e-38	0
3225.679	1.17549e-38	0	4.02302	0.941476	1.17549e-38	0
3225.779	1.17549e-38	0	4.02302	0.941476	1.17549e-38	0
3225.879	1.17549e-38	0	4.01625	1.02951	1.17549e-38	0
3225.979	1.17549e-38	0	4.01625	1.02951	1.17549e-38	0
3226.079	1.17549e-38	0	4.01625	1.02951	1.17549e-38	0
3226.179	1.17549e-38	0	4.01625	1.02951	1.17549e-38	0
3226.279	1.17549e-38	0	4.01625	1.02951	1.17549e-38	0
3226.379	1.17549e-38	0	4.01625	1.02951	1.17549e-38	0
3226.479	1.17549e-38	0	4.01625	1.02951	1.17549e-38	0
3226.579	1.17549e-38	0	4.01625	1.02951	1.17549e-38	0
3226.679	1.17549e-38	0	4.01625	1.02951	1.17549e-38	0
3226.779	1.17549e-38	0	4.01625	1.02951	1.17549e-38	0
3226.879	1.17549e-38	0	4.01625	1.02951	1.17549e-38	0
3226.979	1.17549e-38	0	4.01625	1.02951	1.17549e-38	0
3227.079	1.17549e-38	0	4.00608	0.967886	1.17549e-38	0
3227.179	1.17549e-38	0	4.00608	0.967886	1.17549e-38	0
3227.279	1.17549e-38	0	4.00608	0.967886	1.17549e-38	0
3227.379	1.17549e-38	0	4.00608	0.967886	1.17549e-38	0
3227.479	1.17549e-38	0	4.00608	0.967886	1.17549e-38	0
3227.579	1.17549e-38	0	4.00608	0.967886	1.17549e-38	0
3227.581	1.17549e-38	0	4.00608	0.967886	1.17549e-38	0
3227.681	1.17549e-38	0	4.00608	0.967886	1.17549e-38	0
3227.781	1.17549e-38	0	4.00608	0.967886	1.17549e-38	0
3227.881	1.17549e-38	0	4.00608	0.967886	1.17549e-38	0
3227.981	1.17549e-38	0	4.00608	0.967886	1.17549e-38	0
3228.081	1.17549e-38	0	4.00608	0.967886	1.17549e-38	0
3228.181	1.17549e-38	0	4.00608	0.967886	1.17549e-38	0
3228.281	1.17549e-38	0	4.00608	0.967886	1.17549e-38	0
3228.381	1.17549e-38	0	3.98576	1.09994	1.17549e-38	0
3228.481	1.17549e-38	0	3.98576	1.09994	1.17549e-38	0
3228.581	1.17549e-38	0	3.98576	1.09994	1.17549e-38	0
3228.681	1.17549e-38	0	3.98576	1.09994	1.17549e-38	0
3228.781	1.17549e-38	0	3.98576	1.09994	1.17549e-38	0
3228.881	1.17549e-38	0	3.98576	1.09994	1.17549e-38	0
3228.981	1.17549e-38	0	3.98576	1.09994	1.17549e-38	0
3229.081	1.17549e-38	0	3.98576	1.09994	1.17549e-38	0
3229.181	1.17549e-38	0	3.98576	1.09994	1.17549e-38	0
3229.281	1.17549e-38	0	3.98576	1.09994	1.17549e-38	0
3229.381	1.17549e-38	0	3.98576	1.09994	1.17549e-38	0
3229.481	1.17549e-38	0	3.98576	1.09994	1.17549e-38	0
3229.581	1.17549e-38	0	4.01117	0.827033	1.17549e-38	0
3229.584	1.17549e-38	0	4.01117	0.827033	1.17549e-38	0
3229.683	1.17549e-38	0	4.01117	0.827033	1.17549e-38	0
3229.783	1.17549e-38	0	4.01117	0.827033	1.17549e-38	0
3229.883	1.17549e-38	0	4.01117	0.827033	1.17549e-38	0
3229.983	1.17549e-38	0	4.01117	0.827033	1.17549e-38	0
3230.083	1.17549e-38	0	4.01117	0.827033	1.17549e-38	0
3230.183	1.17549e-38	0	4.01117	0.827033	1.17549e-38	0
3230.283	1.17549e-38	0	4.01117	0.827033	1.17549e-38	0
3230.383	1.17549e-38	0	4.01117	0.827033	1.17549e-38	0
3230.483	1.17549e-38	0	4.01117	0.827033	1.17549e-38	0
3230.583	1.17549e-38	0	4.01117	0.827033	1.17549e-38	0
3230.683	1.17549e-38	0	4.01117	0.827033	1.17549e-38	0
3230.783	1.17549e-38	0	4.01117	0.827033	1.17549e-38	0
3230.883	1.17549e-38	0	4.01964	0.985493	1.17549e-38	0
3230.983	1.17549e-38	0	4.01964	0.985493	1.17549e-38	0
3231.083	1.17549e-38	0	4.01964	0.985493	1.17549e-38	0
3231.183	1.17549e-38	0	4.01964	0.985493	1.17549e-38	0
3231.283	1.17549e-38	0	4.01964	0.985493	1.17549e-38	0
3231.383	1.17549e-38	0	4.01964	0.985493	1.17549e-38	0
3231.483	1.17549e-38	0	4.01964	0.985493	1.17549e-38	0
3231.583	1.17549e-38	0	4.01964	0.985493	1.17549e-38	0
3231.586	1.17549e-38	0	4.01964	0.985493	1.17549e-38	0
3231.685	1.17549e-38	0	4.01964	0.985493	1.17549e-38	0
3231.785	1.17549e-38	0	4.01964	0.985493	1.17549e-38	0
3231.885	1.17549e-38	0	4.01964	0.985493	1.17549e-38	0
3231.985	1.17549e-38	0	4.01964	0.985493	1.17549e-38	0
3232.085	1.17549e-38	0	4.001	0.65977	1.17549e-38	0
3232.185	1.17549e-38	0	4.001	0.65977	1.17549e-38	0
3232.285	1.17549e-38	0	4.001	0.65977	1.17549e-38	0
3232.385	1.17549e-38	0	4.001	0.65977	1.17549e-38	0
3232.485	1.17549e-38	0	4.001	0.65977	1.17549e-38	0
3232.585	1.17549e-38	0	4.001	0.65977	1.17549e-38	0
3232.685	1.17549e-38	0	4.001	0.65977	1.17549e-38	0
3232.785	1.17549e-38	0	4.001	0.65977	1.17549e-38	0
3232.885	1.17549e-38	0	4.001	0.65977	1.17549e-38	0
3232.985	1.17549e-38	0	4.001	0.65977	1.17549e-38	0
3233.085	1.17549e-38	0	4.001	0.65977	1.17549e-38	0
3233.185	1.17549e-38	0	4.001	0.65977	1.17549e-38	0
3233.285	1.17549e-38	0	4.001	0.65977	1.17549e-38	0
3233.385	1.17549e-38	0	3.92646	1.22318	1.17549e-38	0
3233.485	1.17549e-38	0	3.92646	1.22318	1.17549e-38	0
3233.585	1.17549e-38	0	3.92646	1.22318	1.17549e-38	0
3233.588	1.17549e-38	0	3.92646	1.22318	1.17549e-38	0
3233.687	1.17549e-38	0	3.92646	1.22318	1.17549e-38	0
3233.787	1.17549e-38	0	3.92646	1.22318	1.17549e-38	0
3233.887	1.17549e-38	0	3.92646	1.22318	1.17549e-38	0
3233.987	1.17549e-38	0	3.92646	1.22318	1.17549e-38	0
3234.087	1.17549e-38	0	3.92646	1.22318	1.17549e-38	0
3234.187	1.17549e-38	0	3.92646	1.22318	1.17549e-38	0
3234.287	1.17549e-38	0	3.92646	1.22318	1.17549e-38	0
3234.387	1.17549e-38	0	3.92646	1.22318	1.17549e-38	0
3234.487	1.17549e-38	0	3.92646	1.22318	1.17549e-38	0
3234.587	1.17549e-38	0	3.92646	1.22318	1.17549e-38	0
3234.687	1.17549e-38	0	3.97559	1.22318	1.17549e-38	0
3234.787	1.17549e-38	0	3.97559	1.22318	1.17549e-38	0
3234.887	1.17549e-38	0	3.97559	1.22318	1.17549e-38	0
3234.987	1.17549e-38	0	3.97559	1.22318	1.17549e-38	0
3235.087	1.17549e-38	0	3.97559	1.22318	1.17549e-38	0
3235.187	1.17549e-38	0	3.97559	1.22318	1.17549e-38	0
3235.287	1.17549e-38	0	3.97559	1.22318	1.17549e-38	0
3235.387	1.17549e-38	0	3.97559	1.22318	1.17549e-38	0
3235.487	1.17549e-38	0	3.97559	1.22318	1.17549e-38	0
3235.587	1.17549e-38	0	3.97559	1.22318	1.17549e-38	0
3235.590	1.17549e-38	0	3.97559	1.22318	1.17549e-38	0
3235.689	1.17549e-38	0	3.97559	1.22318	1.17549e-38	0
3235.789	1.17549e-38	0	3.97559	1.22318	1.17549e-38	0
3235.889	1.17549e-38	0	3.99423	1.09113	1.17549e-38	0
3235.989	1.17549e-38	0	3.99423	1.09113	1.17549e-38	0
3236.089	1.17549e-38	0	3.99423	1.09113	1.17549e-38	0
3236.189	1.17549e-38	0	3.99423	1.09113	1.17549e-38	0
3236.289	1.17549e-38	0	3.99423	1.09113	1.17549e-38	0
3236.389	1.17549e-38	0	3.99423	1.09113	1.17549e-38	0
3236.489	1.17549e-38	0	3.99423	1.09113	1.17549e-38	0
3236.589	1.17549e-38	0	3.99423	1.09113	1.17549e-38	0
3236.689	1.17549e-38	0	3.99423	1.09113	1.17549e-38	0
3236.789	1.17549e-38	0	3.99423	1.09113	1.17549e-38	0
3236.889	1.17549e-38	0	3.99423	1.09113	1.17549e-38	0
3236.989	1.17549e-38	0	3.99423	1.09113	1.17549e-38	0
3237.089	1.17549e-38	0	3.99423	1.09113	1.17549e-38	0
3237.189	1.17549e-38	0	4.00439	1.05592	1.17549e-38	0
3237.289	1.17549e-38	0	4.00439	1.05592	1.17549e-38	0
3237.389	1.17549e-38	0	4.00439	1.05592	1.17549e-38	0
3237.489	1.17549e-38	0	4.00439	1.05592	1.17549e-38	0
3237.589	1.17549e-38	0	4.00439	1.05592	1.17549e-38	0
3237.592	1.17549e-38	0	4.00439	1.05592	1.17549e-38	0
3237.692	1.17549e-38	0	4.00439	1.05592	1.17549e-38	0
3237.792	1.17549e-38	0	4.00439	1.05592	1.17549e-38	0
3237.892	1.17549e-38	0	4.00439	1.05592	1.17549e-38	0
3237.992	1.17549e-38	0	4.00439	1.05592	1.17549e-38	0
3238.092	1.17549e-38	0	4.00439	1.05592	1.17549e-38	0
3238.192	1.17549e-38	0	4.00439	1.05592	1.17549e-38	0
3238.292	1.17549e-38	0	4.00439	1.05592	1.17549e-38	0
3238.392	1.17549e-38	0	4.00947	0.95028	1.17549e-38	0
3238.492	1.17549e-38	0	4.00947	0.95028	1.17549e-38	0
3238.592	1.17549e-38	0	4.00947	0.95028	1.17549e-38	0
3238.692	1.17549e-38	0	4.00947	0.95028	1.17549e-38	0
3238.792	1.17549e-38	0	4.00947	0.95028	1.17549e-38	0
3238.892	1.17549e-38	0	4.00947	0.95028	1.17549e-38	0
3238.992	1.17549e-38	0	4.00947	0.95028	1.17549e-38	0
3239.092	1.17549e-38	0	4.00947	0.95028	1.17549e-38	0
3239.192	1.17549e-38	0	4.00947	0.95028	1.17549e-38	0
3239.292	1.17549e-38	0	4.00947	0.95028	1.17549e-38	0
3239.392	1.17549e-38	0	4.00947	0.95028	1.17549e-38	0
3239.492	1.17549e-38	0	4.00947	0.95028	1.17549e-38	0
3239.592	1.17549e-38	0	4.00947	0.95028	1.17549e-38	0
3239.594	1.17549e-38	0	4.00947	0.95028	1.17549e-38	0
3239.694	1.17549e-38	0	3.94171	0.97669	1.17549e-38	0
3239.794	1.17549e-38	0	3.94171	0.97669	1.17549e-38	0
3239.894	1.17549e-38	0	3.94171	0.97669	1.17549e-38	0
3239.994	1.17549e-38	0	3.94171	0.97669	1.17549e-38	0
